./exec

: ^)
Using Boost 10.71.0
0: 0 2 3 4 5 6 7 8 11 12 14 15 16 17 18 19 20 22 23 24 25 26 27 28 30 31 33 34 35 36 38 39 40 43 44 45 46 47 48 50 51 52 53 54 55 57 59 62 63 64 67 68 70 71 72 77 80 81 82 83 84 85 86 87 89 90 93 94 97 98 99 100 101 102 103 104 106 107 108 110 111 113 114 115 116 117 118 119 120 121 123 125 126 127 129 130 133 134 135 136 137 138 142 144 145 146 147 148 149 150 151 152 154 155 157 158 159 160 161 162 163 164 165 167 168 170 171 172 173 175 176 177 179 180 181 183 184 185 188 190 191 192 193 195 196 198 199 200 201 202 203 204 206 208 209 210 211 212 213 214 215 217 219 222 224 225 226 228 229 230 231 232 233 234 235 236 237 238 239 240 241 242 244 245 247 249 251 252 253 254 255 256 257 258 259 261 262 263 266 268 269 270 271 272 273 274 276 277 278 279 283 284 287 288 289 290 291 292 293 295 296 297 299 300 301 302 303 304 305 306 307 308 309 313 316 317 318 319 320 321 322 323 324 326 327 328 329 330 331 334 335 336 337 338 340 341 342 343 344 345 346 347 349 350 351 352 353 356 357 358 359 360 361 363 364 365 366 367 368 369 370 371 372 373 375 376 378 379 380 381 382 384 386 388 390 391 392 393 394 395 397 398 399 400 401 402 403 404 405 406 407 409 412 413 415 416 417 421 422 424 425 426 427 431 432 433 436 437 438 440 442 443 444 445 446 448 449 451 452 453 454 455 456 457 459 461 462 463 464 465 466 467 468 469 470 471 472 473 474 475 477 479 482 483 485 486 487 488 489 490 491 492 494 495 496 498 499 500 502 504 505 507 510 511 512 513 514 515 516 518 519 520 521 522 524 525 526 527 529 530 531 533 535 536 537 538 540 541 542 543 545 548 549 550 551 553 555 556 557 558 559 562 563 564 565 566 567 568 569 570 572 573 574 576 577 580 581 582 583 584 585 587 588 589 593 596 597 598 600 601 603 604 607 608 611 612 614 616 617 619 620 622 623 624 626 627 628 629 630 631 632 633 634 635 636 637 639 641 642 643 645 647 648 649 651 653 654 655 657 658 659 661 662 663 665 667 668 670 671 672 673 674 675 676 677 678 679 681 683 684 685 686 687 688 689 690 691 692 693 694 697 698 699 700 701 702 703 704 708 709 710 711 713 715 716 718 720 721 722 723 724 725 726 727 728 729 730 731 732 733 734 735 736 737 738 739 740 741 742 743 744 745 746 747 748 749 750 751 753 754 755 760 761 762 763 764 765 766 767 768 770 771 772 773 775 776 777 778 779 780 781 783 785 786 787 788 789 790 791 793 795 796 797 799 800 802 804 805 806 808 809 810 811 814 816 819 820 821 822 824 825 826 827 828 830 831 832 833 837 839 840 842 843 844 846 848 849 850 851 853 856 857 859 861 862 863 864 865 866 868 869 870 872 873 874 875 876 878 879 881 882 883 884 885 886 888 889 890 891 892 893 894 895 896 897 898 899 900 903 904 905 906 910 911 913 914 915 917 918 919 921 923 924 925 927 929 930 931 933 935 936 937 938 939 940 941 942 944 945 946 947 948 949 950 951 953 954 958 959 962 963 966 967 968 970 971 972 974 975 976 978 980 981 982 984 986 988 990 991 994 997 999 
label map
Auxiliary Edges
0 5
2 4
3 4
4 2
4 3
4 377
4 7
4 8
4 9
4 10
4 12
4 14
4 18
4 20
4 23
4 24
4 25
4 27
4 32
4 36
4 45
4 54
4 61
4 66
4 70
4 73
4 74
4 75
4 76
4 77
4 78
4 83
4 86
4 87
4 88
4 89
4 94
4 106
4 107
4 108
4 109
4 114
4 115
4 118
4 119
4 123
4 125
4 126
4 127
4 134
4 141
4 144
4 146
4 149
4 150
4 152
4 153
4 157
4 159
4 161
4 162
4 163
4 164
4 170
4 174
4 178
4 181
4 183
4 184
4 188
4 191
4 194
4 195
4 196
4 198
4 201
4 203
4 205
4 206
4 210
4 211
4 215
4 216
4 217
4 220
4 221
4 222
4 223
4 227
4 228
4 230
4 233
4 239
4 243
4 245
4 248
4 252
4 253
4 257
4 259
4 260
4 267
4 268
4 273
4 274
4 277
4 282
4 283
4 286
4 290
4 291
4 292
4 294
4 295
4 299
4 304
4 306
4 307
4 309
4 311
4 318
4 320
4 328
4 332
4 339
4 340
4 348
4 349
4 350
4 353
4 354
4 357
4 361
4 367
4 375
4 380
4 392
4 398
4 401
4 404
4 408
4 409
4 410
4 412
4 413
4 414
4 418
4 419
4 422
4 429
4 434
4 436
4 438
4 442
4 443
4 445
4 448
4 455
4 457
4 458
4 460
4 466
4 468
4 473
4 474
4 475
4 476
4 479
4 480
4 485
4 487
4 490
4 493
4 494
4 499
4 501
4 503
4 508
4 509
4 512
4 514
4 515
4 516
4 517
4 520
4 521
4 535
4 544
4 545
4 549
4 550
4 551
4 553
4 555
4 559
4 562
4 566
4 567
4 568
4 573
4 575
4 576
4 580
4 581
4 584
4 585
4 589
4 591
4 594
4 595
4 607
4 608
4 609
4 621
4 622
4 624
4 625
4 627
4 632
4 633
4 638
4 639
4 641
4 645
4 647
4 648
4 652
4 655
4 658
4 661
4 663
4 668
4 670
4 674
4 675
4 676
4 682
4 684
4 685
4 689
4 690
4 691
4 692
4 698
4 699
4 701
4 702
4 704
4 708
4 710
4 712
4 713
4 722
4 723
4 724
4 725
4 729
4 730
5 0
5 6
5 12
6 5
7 4
8 4
9 4
10 4
12 4
12 5
14 4
18 4
20 4
23 4
24 4
25 4
27 4
32 4
36 4
38 377
45 4
54 4
61 4
66 4
70 4
73 4
74 4
75 4
76 4
77 4
78 4
83 4
86 4
87 4
88 4
89 4
93 377
94 4
106 4
107 4
108 4
109 4
114 4
115 4
118 4
119 4
123 4
125 4
126 4
127 4
134 4
141 4
144 4
146 4
149 4
150 4
152 4
153 4
157 4
159 4
161 4
162 4
163 4
164 4
170 4
174 4
178 4
181 4
183 4
184 4
188 4
191 4
194 4
195 4
196 4
198 4
201 4
203 4
205 4
206 4
210 4
211 4
215 4
216 4
217 4
220 4
221 4
222 4
223 4
227 4
228 4
230 4
233 4
239 4
243 4
245 4
248 4
252 4
253 4
257 4
259 4
260 4
267 4
268 4
273 4
274 4
277 4
282 4
283 4
286 4
290 4
291 4
292 4
294 4
295 4
299 4
304 4
306 4
307 4
309 4
311 4
318 4
320 4
328 4
332 4
339 4
340 4
348 4
349 4
350 4
353 4
354 4
357 4
361 4
367 4
375 4
377 4
377 38
377 93
380 4
392 4
398 4
401 4
404 4
408 4
409 4
410 4
412 4
413 4
414 4
418 4
419 4
422 4
429 4
434 4
436 4
438 4
442 4
443 4
445 4
448 4
455 4
457 4
458 4
460 4
466 4
468 4
473 4
474 4
475 4
476 4
479 4
480 4
485 4
487 4
490 4
493 4
494 4
499 4
501 4
503 4
508 4
509 4
512 4
514 4
515 4
516 4
517 4
520 4
521 4
535 4
544 4
545 4
549 4
550 4
551 4
553 4
555 4
559 4
562 4
566 4
567 4
568 4
573 4
575 4
576 4
580 4
581 4
584 4
585 4
589 4
591 4
594 4
595 4
607 4
608 4
609 4
621 4
622 4
624 4
625 4
627 4
632 4
633 4
638 4
639 4
641 4
645 4
647 4
648 4
652 4
655 4
658 4
661 4
663 4
668 4
670 4
674 4
675 4
676 4
682 4
684 4
685 4
689 4
690 4
691 4
692 4
698 4
699 4
701 4
702 4
704 4
708 4
710 4
712 4
713 4
722 4
723 4
724 4
725 4
729 4
730 4

 Vertices:
0
2
3
4
5
6
7
8
11
12
14
15
16
17
18
19
20
22
23
24
25
26
27
28
30
31
33
34
35
36
38
39
40
43
44
45
46
47
48
50
51
52
53
54
55
57
59
62
63
64
67
68
70
71
72
77
80
81
82
83
84
85
86
87
89
90
93
94
97
98
99
100
101
102
103
104
106
107
108
110
111
113
114
115
116
117
118
119
120
121
123
125
126
127
129
130
133
134
135
136
137
138
142
144
145
146
147
148
149
150
151
152
154
155
157
158
159
160
161
162
163
164
165
167
168
170
171
172
173
175
176
177
179
180
181
183
184
185
188
190
191
192
193
195
196
198
199
200
201
202
203
204
206
208
209
210
211
212
213
214
215
217
219
222
224
225
226
228
229
230
231
232
233
234
235
236
237
238
239
240
241
242
244
245
247
249
251
252
253
254
255
256
257
258
259
261
262
263
266
268
269
270
271
272
273
274
276
277
278
279
283
284
287
288
289
290
291
292
293
295
296
297
299
300
301
302
303
304
305
306
307
308
309
313
316
317
318
319
320
321
322
323
324
326
327
328
329
330
331
334
335
336
337
338
340
341
342
343
344
345
346
347
349
350
351
352
353
356
357
358
359
360
361
363
364
365
366
367
368
369
370
371
372
373
375
376
378
379
380
381
382
384
386
388
390
391
392
393
394
395
397
398
399
400
401
402
403
404
405
406
407
409
412
413
415
416
417
421
422
424
425
426
427
431
432
433
436
437
438
440
442
443
444
445
446
448
449
451
452
453
454
455
456
457
459
461
462
463
464
465
466
467
468
469
470
471
472
473
474
475
477
479
482
483
485
486
487
488
489
490
491
492
494
495
496
498
499
500
502
504
505
507
510
511
512
513
514
515
516
518
519
520
521
522
524
525
526
527
529
530
531
533
535
536
537
538
540
541
542
543
545
548
549
550
551
553
555
556
557
558
559
562
563
564
565
566
567
568
569
570
572
573
574
576
577
580
581
582
583
584
585
587
588
589
593
596
597
598
600
601
603
604
607
608
611
612
614
616
617
619
620
622
623
624
626
627
628
629
630
631
632
633
634
635
636
637
639
641
642
643
645
647
648
649
651
653
654
655
657
658
659
661
662
663
665
667
668
670
671
672
673
674
675
676
677
678
679
681
683
684
685
686
687
688
689
690
691
692
693
694
697
698
699
700
701
702
703
704
708
709
710
711
713
715
716
718
720
721
722
723
724
725
726
727
728
729
730
731
732
733
734
735
736
737
738
739
740
741
742
743
744
745
746
747
748
749
750
751
753
754
755
760
761
762
763
764
765
766
767
768
770
771
772
773
775
776
777
778
779
780
781
783
785
786
787
788
789
790
791
793
795
796
797
799
800
802
804
805
806
808
809
810
811
814
816
819
820
821
822
824
825
826
827
828
830
831
832
833
837
839
840
842
843
844
846
848
849
850
851
853
856
857
859
861
862
863
864
865
866
868
869
870
872
873
874
875
876
878
879
881
882
883
884
885
886
888
889
890
891
892
893
894
895
896
897
898
899
900
903
904
905
906
910
911
913
914
915
917
918
919
921
923
924
925
927
929
930
931
933
935
936
937
938
939
940
941
942
944
945
946
947
948
949
950
951
953
954
958
959
962
963
966
967
968
970
971
972
974
975
976
978
980
981
982
984
986
988
990
991
994
997
999

 Edges:
0 => 500
500 => 0
0 => 6
6 => 0
0 => 0
2 => 5
5 => 2
2 => 2
3 => 5
5 => 3
3 => 6
6 => 3
3 => 3
4 => 5
5 => 4
4 => 6
6 => 4
4 => 4
5 => 500
500 => 5
5 => 8
8 => 5
5 => 11
11 => 5
5 => 12
12 => 5
5 => 14
14 => 5
5 => 16
16 => 5
5 => 18
18 => 5
5 => 19
19 => 5
5 => 22
22 => 5
5 => 23
23 => 5
5 => 25
25 => 5
5 => 26
26 => 5
5 => 28
28 => 5
5 => 30
30 => 5
5 => 31
31 => 5
5 => 34
34 => 5
5 => 35
35 => 5
5 => 40
40 => 5
5 => 43
43 => 5
5 => 44
44 => 5
5 => 45
45 => 5
5 => 46
46 => 5
5 => 47
47 => 5
5 => 48
48 => 5
5 => 51
51 => 5
5 => 52
52 => 5
5 => 54
54 => 5
5 => 57
57 => 5
5 => 62
62 => 5
5 => 71
71 => 5
5 => 72
72 => 5
5 => 80
80 => 5
5 => 85
85 => 5
5 => 93
93 => 5
5 => 97
97 => 5
5 => 99
99 => 5
5 => 100
100 => 5
5 => 101
101 => 5
5 => 102
102 => 5
5 => 103
103 => 5
5 => 104
104 => 5
5 => 106
106 => 5
5 => 107
107 => 5
5 => 108
108 => 5
5 => 111
111 => 5
5 => 113
113 => 5
5 => 114
114 => 5
5 => 115
115 => 5
5 => 116
116 => 5
5 => 117
117 => 5
5 => 118
118 => 5
5 => 119
119 => 5
5 => 120
120 => 5
5 => 121
121 => 5
5 => 123
123 => 5
5 => 127
127 => 5
5 => 129
129 => 5
5 => 133
133 => 5
5 => 134
134 => 5
5 => 135
135 => 5
5 => 136
136 => 5
5 => 137
137 => 5
5 => 138
138 => 5
5 => 145
145 => 5
5 => 146
146 => 5
5 => 147
147 => 5
5 => 148
148 => 5
5 => 149
149 => 5
5 => 150
150 => 5
5 => 157
157 => 5
5 => 158
158 => 5
5 => 159
159 => 5
5 => 161
161 => 5
5 => 162
162 => 5
5 => 163
163 => 5
5 => 167
167 => 5
5 => 168
168 => 5
5 => 170
170 => 5
5 => 171
171 => 5
5 => 172
172 => 5
5 => 173
173 => 5
5 => 176
176 => 5
5 => 181
181 => 5
5 => 183
183 => 5
5 => 184
184 => 5
5 => 190
190 => 5
5 => 192
192 => 5
5 => 195
195 => 5
5 => 196
196 => 5
5 => 198
198 => 5
5 => 199
199 => 5
5 => 202
202 => 5
5 => 203
203 => 5
5 => 206
206 => 5
5 => 208
208 => 5
5 => 210
210 => 5
5 => 212
212 => 5
5 => 213
213 => 5
5 => 214
214 => 5
5 => 217
217 => 5
5 => 219
219 => 5
5 => 222
222 => 5
5 => 224
224 => 5
5 => 225
225 => 5
5 => 229
229 => 5
5 => 231
231 => 5
5 => 232
232 => 5
5 => 233
233 => 5
5 => 235
235 => 5
5 => 236
236 => 5
5 => 238
238 => 5
5 => 239
239 => 5
5 => 241
241 => 5
5 => 242
242 => 5
5 => 245
245 => 5
5 => 247
247 => 5
5 => 249
249 => 5
5 => 251
251 => 5
5 => 253
253 => 5
5 => 254
254 => 5
5 => 255
255 => 5
5 => 256
256 => 5
5 => 258
258 => 5
5 => 259
259 => 5
5 => 261
261 => 5
5 => 262
262 => 5
5 => 263
263 => 5
5 => 266
266 => 5
5 => 269
269 => 5
5 => 270
270 => 5
5 => 271
271 => 5
5 => 272
272 => 5
5 => 273
273 => 5
5 => 274
274 => 5
5 => 276
276 => 5
5 => 278
278 => 5
5 => 279
279 => 5
5 => 283
283 => 5
5 => 284
284 => 5
5 => 288
288 => 5
5 => 290
290 => 5
5 => 291
291 => 5
5 => 292
292 => 5
5 => 293
293 => 5
5 => 295
295 => 5
5 => 296
296 => 5
5 => 297
297 => 5
5 => 299
299 => 5
5 => 300
300 => 5
5 => 301
301 => 5
5 => 304
304 => 5
5 => 305
305 => 5
5 => 307
307 => 5
5 => 308
308 => 5
5 => 309
309 => 5
5 => 313
313 => 5
5 => 317
317 => 5
5 => 319
319 => 5
5 => 321
321 => 5
5 => 323
323 => 5
5 => 326
326 => 5
5 => 328
328 => 5
5 => 329
329 => 5
5 => 331
331 => 5
5 => 335
335 => 5
5 => 336
336 => 5
5 => 337
337 => 5
5 => 338
338 => 5
5 => 341
341 => 5
5 => 343
343 => 5
5 => 344
344 => 5
5 => 345
345 => 5
5 => 346
346 => 5
5 => 349
349 => 5
5 => 351
351 => 5
5 => 356
356 => 5
5 => 357
357 => 5
5 => 359
359 => 5
5 => 361
361 => 5
5 => 363
363 => 5
5 => 364
364 => 5
5 => 365
365 => 5
5 => 367
367 => 5
5 => 368
368 => 5
5 => 369
369 => 5
5 => 371
371 => 5
5 => 372
372 => 5
5 => 373
373 => 5
5 => 376
376 => 5
5 => 378
378 => 5
5 => 379
379 => 5
5 => 382
382 => 5
5 => 384
384 => 5
5 => 386
386 => 5
5 => 390
390 => 5
5 => 391
391 => 5
5 => 393
393 => 5
5 => 395
395 => 5
5 => 398
398 => 5
5 => 401
401 => 5
5 => 403
403 => 5
5 => 404
404 => 5
5 => 406
406 => 5
5 => 407
407 => 5
5 => 409
409 => 5
5 => 412
412 => 5
5 => 413
413 => 5
5 => 416
416 => 5
5 => 422
422 => 5
5 => 425
425 => 5
5 => 426
426 => 5
5 => 433
433 => 5
5 => 438
438 => 5
5 => 442
442 => 5
5 => 444
444 => 5
5 => 446
446 => 5
5 => 448
448 => 5
5 => 449
449 => 5
5 => 452
452 => 5
5 => 453
453 => 5
5 => 454
454 => 5
5 => 456
456 => 5
5 => 457
457 => 5
5 => 461
461 => 5
5 => 462
462 => 5
5 => 463
463 => 5
5 => 464
464 => 5
5 => 465
465 => 5
5 => 466
466 => 5
5 => 467
467 => 5
5 => 469
469 => 5
5 => 470
470 => 5
5 => 471
471 => 5
5 => 472
472 => 5
5 => 473
473 => 5
5 => 475
475 => 5
5 => 479
479 => 5
5 => 482
482 => 5
5 => 483
483 => 5
5 => 488
488 => 5
5 => 494
494 => 5
5 => 498
498 => 5
5 => 505
505 => 5
5 => 507
507 => 5
5 => 510
510 => 5
5 => 511
511 => 5
5 => 512
512 => 5
5 => 514
514 => 5
5 => 515
515 => 5
5 => 516
516 => 5
5 => 518
518 => 5
5 => 521
521 => 5
5 => 524
524 => 5
5 => 525
525 => 5
5 => 526
526 => 5
5 => 529
529 => 5
5 => 533
533 => 5
5 => 535
535 => 5
5 => 536
536 => 5
5 => 537
537 => 5
5 => 540
540 => 5
5 => 542
542 => 5
5 => 543
543 => 5
5 => 545
545 => 5
5 => 548
548 => 5
5 => 549
549 => 5
5 => 550
550 => 5
5 => 551
551 => 5
5 => 553
553 => 5
5 => 557
557 => 5
5 => 558
558 => 5
5 => 559
559 => 5
5 => 563
563 => 5
5 => 564
564 => 5
5 => 566
566 => 5
5 => 567
567 => 5
5 => 569
569 => 5
5 => 570
570 => 5
5 => 572
572 => 5
5 => 573
573 => 5
5 => 574
574 => 5
5 => 576
576 => 5
5 => 577
577 => 5
5 => 581
581 => 5
5 => 583
583 => 5
5 => 588
588 => 5
5 => 589
589 => 5
5 => 593
593 => 5
5 => 596
596 => 5
5 => 598
598 => 5
5 => 600
600 => 5
5 => 607
607 => 5
5 => 608
608 => 5
5 => 612
612 => 5
5 => 616
616 => 5
5 => 617
617 => 5
5 => 620
620 => 5
5 => 622
622 => 5
5 => 624
624 => 5
5 => 626
626 => 5
5 => 628
628 => 5
5 => 629
629 => 5
5 => 630
630 => 5
5 => 635
635 => 5
5 => 636
636 => 5
5 => 637
637 => 5
5 => 639
639 => 5
5 => 643
643 => 5
5 => 645
645 => 5
5 => 648
648 => 5
5 => 651
651 => 5
5 => 653
653 => 5
5 => 654
654 => 5
5 => 655
655 => 5
5 => 658
658 => 5
5 => 659
659 => 5
5 => 661
661 => 5
5 => 663
663 => 5
5 => 665
665 => 5
5 => 670
670 => 5
5 => 672
672 => 5
5 => 673
673 => 5
5 => 674
674 => 5
5 => 676
676 => 5
5 => 677
677 => 5
5 => 683
683 => 5
5 => 684
684 => 5
5 => 685
685 => 5
5 => 687
687 => 5
5 => 688
688 => 5
5 => 689
689 => 5
5 => 690
690 => 5
5 => 691
691 => 5
5 => 692
692 => 5
5 => 693
693 => 5
5 => 697
697 => 5
5 => 698
698 => 5
5 => 699
699 => 5
5 => 703
703 => 5
5 => 711
711 => 5
5 => 713
713 => 5
5 => 718
718 => 5
5 => 720
720 => 5
5 => 721
721 => 5
5 => 728
728 => 5
5 => 729
729 => 5
5 => 731
731 => 5
5 => 732
732 => 5
5 => 733
733 => 5
5 => 734
734 => 5
5 => 735
735 => 5
5 => 736
736 => 5
5 => 737
737 => 5
5 => 738
738 => 5
5 => 739
739 => 5
5 => 740
740 => 5
5 => 742
742 => 5
5 => 743
743 => 5
5 => 744
744 => 5
5 => 745
745 => 5
5 => 746
746 => 5
5 => 747
747 => 5
5 => 749
749 => 5
5 => 750
750 => 5
5 => 751
751 => 5
5 => 753
753 => 5
5 => 754
754 => 5
5 => 761
761 => 5
5 => 762
762 => 5
5 => 763
763 => 5
5 => 764
764 => 5
5 => 765
765 => 5
5 => 767
767 => 5
5 => 770
770 => 5
5 => 771
771 => 5
5 => 775
775 => 5
5 => 776
776 => 5
5 => 777
777 => 5
5 => 779
779 => 5
5 => 780
780 => 5
5 => 783
783 => 5
5 => 785
785 => 5
5 => 786
786 => 5
5 => 787
787 => 5
5 => 788
788 => 5
5 => 791
791 => 5
5 => 795
795 => 5
5 => 796
796 => 5
5 => 797
797 => 5
5 => 799
799 => 5
5 => 800
800 => 5
5 => 804
804 => 5
5 => 805
805 => 5
5 => 806
806 => 5
5 => 808
808 => 5
5 => 810
810 => 5
5 => 811
811 => 5
5 => 816
816 => 5
5 => 819
819 => 5
5 => 820
820 => 5
5 => 824
824 => 5
5 => 825
825 => 5
5 => 826
826 => 5
5 => 827
827 => 5
5 => 830
830 => 5
5 => 831
831 => 5
5 => 833
833 => 5
5 => 843
843 => 5
5 => 844
844 => 5
5 => 846
846 => 5
5 => 848
848 => 5
5 => 850
850 => 5
5 => 851
851 => 5
5 => 853
853 => 5
5 => 856
856 => 5
5 => 857
857 => 5
5 => 859
859 => 5
5 => 861
861 => 5
5 => 862
862 => 5
5 => 863
863 => 5
5 => 865
865 => 5
5 => 866
866 => 5
5 => 868
868 => 5
5 => 872
872 => 5
5 => 874
874 => 5
5 => 875
875 => 5
5 => 876
876 => 5
5 => 878
878 => 5
5 => 879
879 => 5
5 => 881
881 => 5
5 => 882
882 => 5
5 => 883
883 => 5
5 => 884
884 => 5
5 => 885
885 => 5
5 => 886
886 => 5
5 => 891
891 => 5
5 => 892
892 => 5
5 => 893
893 => 5
5 => 897
897 => 5
5 => 898
898 => 5
5 => 899
899 => 5
5 => 904
904 => 5
5 => 906
906 => 5
5 => 910
910 => 5
5 => 913
913 => 5
5 => 914
914 => 5
5 => 915
915 => 5
5 => 917
917 => 5
5 => 918
918 => 5
5 => 919
919 => 5
5 => 921
921 => 5
5 => 923
923 => 5
5 => 924
924 => 5
5 => 925
925 => 5
5 => 927
927 => 5
5 => 930
930 => 5
5 => 933
933 => 5
5 => 935
935 => 5
5 => 937
937 => 5
5 => 938
938 => 5
5 => 939
939 => 5
5 => 940
940 => 5
5 => 942
942 => 5
5 => 944
944 => 5
5 => 945
945 => 5
5 => 946
946 => 5
5 => 947
947 => 5
5 => 948
948 => 5
5 => 949
949 => 5
5 => 950
950 => 5
5 => 953
953 => 5
5 => 954
954 => 5
5 => 958
958 => 5
5 => 963
963 => 5
5 => 967
967 => 5
5 => 968
968 => 5
5 => 970
970 => 5
5 => 971
971 => 5
5 => 972
972 => 5
5 => 976
976 => 5
5 => 978
978 => 5
5 => 980
980 => 5
5 => 981
981 => 5
5 => 982
982 => 5
5 => 984
984 => 5
5 => 986
986 => 5
5 => 988
988 => 5
5 => 990
990 => 5
5 => 991
991 => 5
5 => 994
994 => 5
5 => 997
997 => 5
5 => 999
999 => 5
5 => 5
6 => 7
7 => 6
6 => 15
15 => 6
6 => 16
16 => 6
6 => 17
17 => 6
6 => 20
20 => 6
6 => 6
7 => 500
500 => 7
7 => 7
8 => 500
500 => 8
8 => 8
11 => 500
500 => 11
11 => 11
12 => 500
500 => 12
12 => 12
14 => 500
500 => 14
14 => 14
15 => 15
16 => 500
500 => 16
16 => 16
17 => 500
500 => 17
17 => 17
18 => 500
500 => 18
18 => 18
19 => 19
20 => 20
22 => 22
23 => 500
500 => 23
23 => 23
24 => 500
500 => 24
24 => 24
25 => 500
500 => 25
25 => 25
26 => 26
27 => 500
500 => 27
27 => 27
28 => 500
500 => 28
28 => 28
30 => 500
500 => 30
30 => 30
31 => 500
500 => 31
31 => 31
33 => 500
500 => 33
33 => 33
34 => 500
500 => 34
34 => 34
35 => 35
36 => 500
500 => 36
36 => 36
38 => 500
500 => 38
38 => 38
39 => 500
500 => 39
39 => 39
40 => 500
500 => 40
40 => 40
43 => 43
44 => 44
45 => 45
46 => 500
500 => 46
46 => 46
47 => 47
48 => 500
500 => 48
48 => 48
50 => 500
500 => 50
50 => 50
51 => 51
52 => 52
53 => 500
500 => 53
53 => 53
54 => 54
55 => 500
500 => 55
55 => 55
57 => 500
500 => 57
57 => 57
59 => 500
500 => 59
59 => 59
62 => 62
63 => 500
500 => 63
63 => 63
64 => 500
500 => 64
64 => 64
67 => 500
500 => 67
67 => 67
68 => 500
500 => 68
68 => 68
70 => 500
500 => 70
70 => 70
71 => 71
72 => 500
500 => 72
72 => 72
77 => 500
500 => 77
77 => 77
80 => 80
81 => 500
500 => 81
81 => 81
82 => 500
500 => 82
82 => 82
83 => 500
500 => 83
83 => 83
84 => 500
500 => 84
84 => 84
85 => 500
500 => 85
85 => 85
86 => 500
500 => 86
86 => 86
87 => 500
500 => 87
87 => 87
89 => 500
500 => 89
89 => 89
90 => 500
500 => 90
90 => 90
93 => 500
500 => 93
93 => 93
94 => 500
500 => 94
94 => 94
97 => 97
98 => 500
500 => 98
98 => 98
99 => 500
500 => 99
99 => 99
100 => 100
101 => 101
102 => 500
500 => 102
102 => 102
103 => 500
500 => 103
103 => 103
104 => 500
500 => 104
104 => 104
106 => 500
500 => 106
106 => 106
107 => 500
500 => 107
107 => 107
108 => 500
500 => 108
108 => 108
110 => 500
500 => 110
110 => 110
111 => 111
113 => 113
114 => 114
115 => 500
500 => 115
115 => 115
116 => 116
117 => 117
118 => 500
500 => 118
118 => 118
119 => 500
500 => 119
119 => 119
120 => 500
500 => 120
120 => 120
121 => 500
500 => 121
121 => 121
123 => 123
125 => 500
500 => 125
125 => 125
126 => 500
500 => 126
126 => 126
127 => 500
500 => 127
127 => 127
129 => 500
500 => 129
129 => 129
130 => 500
500 => 130
130 => 130
133 => 133
134 => 134
135 => 135
136 => 136
137 => 137
138 => 138
142 => 500
500 => 142
142 => 142
144 => 500
500 => 144
144 => 144
145 => 145
146 => 146
147 => 500
500 => 147
147 => 147
148 => 500
500 => 148
148 => 148
149 => 500
500 => 149
149 => 149
150 => 500
500 => 150
150 => 150
151 => 500
500 => 151
151 => 151
152 => 500
500 => 152
152 => 152
154 => 500
500 => 154
154 => 154
155 => 500
500 => 155
155 => 155
157 => 500
500 => 157
157 => 157
158 => 500
500 => 158
158 => 158
159 => 159
160 => 500
500 => 160
160 => 160
161 => 500
500 => 161
161 => 161
162 => 500
500 => 162
162 => 162
163 => 163
164 => 500
500 => 164
164 => 164
165 => 500
500 => 165
165 => 165
167 => 500
500 => 167
167 => 167
168 => 168
170 => 500
500 => 170
170 => 170
171 => 500
500 => 171
171 => 171
172 => 500
500 => 172
172 => 172
173 => 173
175 => 500
500 => 175
175 => 175
176 => 176
177 => 500
500 => 177
177 => 177
179 => 500
500 => 179
179 => 179
180 => 500
500 => 180
180 => 180
181 => 500
500 => 181
181 => 181
183 => 183
184 => 184
185 => 500
500 => 185
185 => 185
188 => 500
500 => 188
188 => 188
190 => 190
191 => 500
500 => 191
191 => 191
192 => 500
500 => 192
192 => 192
193 => 500
500 => 193
193 => 193
195 => 195
196 => 500
500 => 196
196 => 196
198 => 198
199 => 500
500 => 199
199 => 199
200 => 500
500 => 200
200 => 200
201 => 500
500 => 201
201 => 201
202 => 500
500 => 202
202 => 202
203 => 500
500 => 203
203 => 203
204 => 500
500 => 204
204 => 204
206 => 500
500 => 206
206 => 206
208 => 500
500 => 208
208 => 208
209 => 500
500 => 209
209 => 209
210 => 210
211 => 500
500 => 211
211 => 211
212 => 500
500 => 212
212 => 212
213 => 213
214 => 500
500 => 214
214 => 214
215 => 500
500 => 215
215 => 215
217 => 500
500 => 217
217 => 217
219 => 500
500 => 219
219 => 219
222 => 500
500 => 222
222 => 222
224 => 500
500 => 224
224 => 224
225 => 225
226 => 500
500 => 226
226 => 226
228 => 500
500 => 228
228 => 228
229 => 229
230 => 500
500 => 230
230 => 230
231 => 500
500 => 231
231 => 231
232 => 232
233 => 233
234 => 500
500 => 234
234 => 234
235 => 500
500 => 235
235 => 235
236 => 236
237 => 500
500 => 237
237 => 237
238 => 238
239 => 500
500 => 239
239 => 239
240 => 500
500 => 240
240 => 240
241 => 241
242 => 500
500 => 242
242 => 242
244 => 500
500 => 244
244 => 244
245 => 500
500 => 245
245 => 245
247 => 500
500 => 247
247 => 247
249 => 249
251 => 251
252 => 500
500 => 252
252 => 252
253 => 500
500 => 253
253 => 253
254 => 500
500 => 254
254 => 254
255 => 255
256 => 500
500 => 256
256 => 256
257 => 500
500 => 257
257 => 257
258 => 258
259 => 500
500 => 259
259 => 259
261 => 500
500 => 261
261 => 261
262 => 500
500 => 262
262 => 262
263 => 263
266 => 500
500 => 266
266 => 266
268 => 500
500 => 268
268 => 268
269 => 269
270 => 500
500 => 270
270 => 270
271 => 271
272 => 500
500 => 272
272 => 272
273 => 273
274 => 500
500 => 274
274 => 274
276 => 500
500 => 276
276 => 276
277 => 500
500 => 277
277 => 277
278 => 278
279 => 279
283 => 500
500 => 283
283 => 283
284 => 500
500 => 284
284 => 284
287 => 500
500 => 287
287 => 287
288 => 288
289 => 500
500 => 289
289 => 289
290 => 500
500 => 290
290 => 290
291 => 500
500 => 291
291 => 291
292 => 500
500 => 292
292 => 292
293 => 293
295 => 295
296 => 500
500 => 296
296 => 296
297 => 500
500 => 297
297 => 297
299 => 500
500 => 299
299 => 299
300 => 500
500 => 300
300 => 300
301 => 301
302 => 500
500 => 302
302 => 302
303 => 500
500 => 303
303 => 303
304 => 500
500 => 304
304 => 304
305 => 500
500 => 305
305 => 305
306 => 500
500 => 306
306 => 306
307 => 500
500 => 307
307 => 307
308 => 308
309 => 309
313 => 500
500 => 313
313 => 313
316 => 500
500 => 316
316 => 316
317 => 317
318 => 500
500 => 318
318 => 318
319 => 319
320 => 500
500 => 320
320 => 320
321 => 500
500 => 321
321 => 321
322 => 500
500 => 322
322 => 322
323 => 323
324 => 500
500 => 324
324 => 324
326 => 500
500 => 326
326 => 326
327 => 500
500 => 327
327 => 327
328 => 500
500 => 328
328 => 328
329 => 329
330 => 500
500 => 330
330 => 330
331 => 500
500 => 331
331 => 331
334 => 500
500 => 334
334 => 334
335 => 335
336 => 336
337 => 500
500 => 337
337 => 337
338 => 500
500 => 338
338 => 338
340 => 500
500 => 340
340 => 340
341 => 341
342 => 500
500 => 342
342 => 342
343 => 500
500 => 343
343 => 343
344 => 344
345 => 500
500 => 345
345 => 345
346 => 500
500 => 346
346 => 346
347 => 500
500 => 347
347 => 347
349 => 349
350 => 500
500 => 350
350 => 350
351 => 351
352 => 500
500 => 352
352 => 352
353 => 500
500 => 353
353 => 353
356 => 500
500 => 356
356 => 356
357 => 500
500 => 357
357 => 357
358 => 500
500 => 358
358 => 358
359 => 359
360 => 500
500 => 360
360 => 360
361 => 361
363 => 500
500 => 363
363 => 363
364 => 500
500 => 364
364 => 364
365 => 365
366 => 500
500 => 366
366 => 366
367 => 500
500 => 367
367 => 367
368 => 368
369 => 369
370 => 500
500 => 370
370 => 370
371 => 371
372 => 500
500 => 372
372 => 372
373 => 500
500 => 373
373 => 373
375 => 500
500 => 375
375 => 375
376 => 376
378 => 500
500 => 378
378 => 378
379 => 379
380 => 500
500 => 380
380 => 380
381 => 500
500 => 381
381 => 381
382 => 500
500 => 382
382 => 382
384 => 500
500 => 384
384 => 384
386 => 500
500 => 386
386 => 386
388 => 500
500 => 388
388 => 388
390 => 500
500 => 390
390 => 390
391 => 500
500 => 391
391 => 391
392 => 500
500 => 392
392 => 392
393 => 393
394 => 500
500 => 394
394 => 394
395 => 500
500 => 395
395 => 395
397 => 500
500 => 397
397 => 397
398 => 398
399 => 500
500 => 399
399 => 399
400 => 500
500 => 400
400 => 400
401 => 500
500 => 401
401 => 401
402 => 500
500 => 402
402 => 402
403 => 500
500 => 403
403 => 403
404 => 500
500 => 404
404 => 404
405 => 500
500 => 405
405 => 405
406 => 500
500 => 406
406 => 406
407 => 407
409 => 500
500 => 409
409 => 409
412 => 412
413 => 413
415 => 500
500 => 415
415 => 415
416 => 416
417 => 500
500 => 417
417 => 417
421 => 500
500 => 421
421 => 421
422 => 500
500 => 422
422 => 422
424 => 500
500 => 424
424 => 424
425 => 500
500 => 425
425 => 425
426 => 426
427 => 500
500 => 427
427 => 427
431 => 500
500 => 431
431 => 431
432 => 500
500 => 432
432 => 432
433 => 433
436 => 500
500 => 436
436 => 436
437 => 500
500 => 437
437 => 437
438 => 500
500 => 438
438 => 438
440 => 500
500 => 440
440 => 440
442 => 442
443 => 500
500 => 443
443 => 443
444 => 500
500 => 444
444 => 444
445 => 500
500 => 445
445 => 445
446 => 446
448 => 448
449 => 449
451 => 500
500 => 451
451 => 451
452 => 452
453 => 500
500 => 453
453 => 453
454 => 500
500 => 454
454 => 454
455 => 500
500 => 455
455 => 455
456 => 456
457 => 457
459 => 500
500 => 459
459 => 459
461 => 461
462 => 462
463 => 463
464 => 500
500 => 464
464 => 464
465 => 500
500 => 465
465 => 465
466 => 500
500 => 466
466 => 466
467 => 467
468 => 500
500 => 468
468 => 468
469 => 500
500 => 469
469 => 469
470 => 500
500 => 470
470 => 470
471 => 471
472 => 472
473 => 500
500 => 473
473 => 473
474 => 500
500 => 474
474 => 474
475 => 475
477 => 500
500 => 477
477 => 477
479 => 500
500 => 479
479 => 479
482 => 482
483 => 483
485 => 500
500 => 485
485 => 485
486 => 500
500 => 486
486 => 486
487 => 500
500 => 487
487 => 487
488 => 500
500 => 488
488 => 488
489 => 500
500 => 489
489 => 489
490 => 500
500 => 490
490 => 490
491 => 500
500 => 491
491 => 491
492 => 500
500 => 492
492 => 492
494 => 494
495 => 500
500 => 495
495 => 495
496 => 500
500 => 496
496 => 496
498 => 500
500 => 498
498 => 498
499 => 500
500 => 499
499 => 499
500 => 502
502 => 500
500 => 504
504 => 500
500 => 505
505 => 500
500 => 513
513 => 500
500 => 519
519 => 500
500 => 520
520 => 500
500 => 521
521 => 500
500 => 522
522 => 500
500 => 527
527 => 500
500 => 529
529 => 500
500 => 530
530 => 500
500 => 531
531 => 500
500 => 533
533 => 500
500 => 537
537 => 500
500 => 538
538 => 500
500 => 541
541 => 500
500 => 542
542 => 500
500 => 543
543 => 500
500 => 545
545 => 500
500 => 549
549 => 500
500 => 550
550 => 500
500 => 551
551 => 500
500 => 555
555 => 500
500 => 556
556 => 500
500 => 557
557 => 500
500 => 558
558 => 500
500 => 562
562 => 500
500 => 563
563 => 500
500 => 565
565 => 500
500 => 568
568 => 500
500 => 570
570 => 500
500 => 577
577 => 500
500 => 580
580 => 500
500 => 581
581 => 500
500 => 582
582 => 500
500 => 583
583 => 500
500 => 584
584 => 500
500 => 585
585 => 500
500 => 587
587 => 500
500 => 588
588 => 500
500 => 589
589 => 500
500 => 596
596 => 500
500 => 597
597 => 500
500 => 600
600 => 500
500 => 601
601 => 500
500 => 603
603 => 500
500 => 604
604 => 500
500 => 611
611 => 500
500 => 612
612 => 500
500 => 614
614 => 500
500 => 616
616 => 500
500 => 617
617 => 500
500 => 619
619 => 500
500 => 620
620 => 500
500 => 623
623 => 500
500 => 627
627 => 500
500 => 628
628 => 500
500 => 630
630 => 500
500 => 631
631 => 500
500 => 632
632 => 500
500 => 633
633 => 500
500 => 634
634 => 500
500 => 635
635 => 500
500 => 636
636 => 500
500 => 637
637 => 500
500 => 639
639 => 500
500 => 641
641 => 500
500 => 642
642 => 500
500 => 643
643 => 500
500 => 645
645 => 500
500 => 647
647 => 500
500 => 649
649 => 500
500 => 653
653 => 500
500 => 655
655 => 500
500 => 657
657 => 500
500 => 659
659 => 500
500 => 662
662 => 500
500 => 663
663 => 500
500 => 665
665 => 500
500 => 667
667 => 500
500 => 668
668 => 500
500 => 671
671 => 500
500 => 672
672 => 500
500 => 674
674 => 500
500 => 675
675 => 500
500 => 676
676 => 500
500 => 678
678 => 500
500 => 679
679 => 500
500 => 681
681 => 500
500 => 683
683 => 500
500 => 684
684 => 500
500 => 686
686 => 500
500 => 687
687 => 500
500 => 689
689 => 500
500 => 690
690 => 500
500 => 691
691 => 500
500 => 692
692 => 500
500 => 694
694 => 500
500 => 697
697 => 500
500 => 698
698 => 500
500 => 700
700 => 500
500 => 701
701 => 500
500 => 702
702 => 500
500 => 704
704 => 500
500 => 708
708 => 500
500 => 709
709 => 500
500 => 710
710 => 500
500 => 715
715 => 500
500 => 716
716 => 500
500 => 718
718 => 500
500 => 722
722 => 500
500 => 723
723 => 500
500 => 724
724 => 500
500 => 725
725 => 500
500 => 726
726 => 500
500 => 727
727 => 500
500 => 728
728 => 500
500 => 729
729 => 500
500 => 730
730 => 500
500 => 733
733 => 500
500 => 734
734 => 500
500 => 735
735 => 500
500 => 737
737 => 500
500 => 739
739 => 500
500 => 741
741 => 500
500 => 743
743 => 500
500 => 746
746 => 500
500 => 748
748 => 500
500 => 750
750 => 500
500 => 751
751 => 500
500 => 753
753 => 500
500 => 755
755 => 500
500 => 760
760 => 500
500 => 762
762 => 500
500 => 764
764 => 500
500 => 765
765 => 500
500 => 766
766 => 500
500 => 768
768 => 500
500 => 770
770 => 500
500 => 771
771 => 500
500 => 772
772 => 500
500 => 773
773 => 500
500 => 775
775 => 500
500 => 776
776 => 500
500 => 778
778 => 500
500 => 780
780 => 500
500 => 781
781 => 500
500 => 783
783 => 500
500 => 787
787 => 500
500 => 788
788 => 500
500 => 789
789 => 500
500 => 790
790 => 500
500 => 793
793 => 500
500 => 802
802 => 500
500 => 805
805 => 500
500 => 806
806 => 500
500 => 808
808 => 500
500 => 809
809 => 500
500 => 814
814 => 500
500 => 821
821 => 500
500 => 822
822 => 500
500 => 826
826 => 500
500 => 827
827 => 500
500 => 828
828 => 500
500 => 830
830 => 500
500 => 831
831 => 500
500 => 832
832 => 500
500 => 833
833 => 500
500 => 837
837 => 500
500 => 839
839 => 500
500 => 840
840 => 500
500 => 842
842 => 500
500 => 843
843 => 500
500 => 844
844 => 500
500 => 849
849 => 500
500 => 851
851 => 500
500 => 853
853 => 500
500 => 857
857 => 500
500 => 863
863 => 500
500 => 864
864 => 500
500 => 865
865 => 500
500 => 866
866 => 500
500 => 869
869 => 500
500 => 870
870 => 500
500 => 872
872 => 500
500 => 873
873 => 500
500 => 875
875 => 500
500 => 879
879 => 500
500 => 883
883 => 500
500 => 885
885 => 500
500 => 888
888 => 500
500 => 889
889 => 500
500 => 890
890 => 500
500 => 891
891 => 500
500 => 893
893 => 500
500 => 894
894 => 500
500 => 895
895 => 500
500 => 896
896 => 500
500 => 897
897 => 500
500 => 898
898 => 500
500 => 899
899 => 500
500 => 900
900 => 500
500 => 903
903 => 500
500 => 905
905 => 500
500 => 910
910 => 500
500 => 911
911 => 500
500 => 913
913 => 500
500 => 914
914 => 500
500 => 919
919 => 500
500 => 921
921 => 500
500 => 923
923 => 500
500 => 924
924 => 500
500 => 929
929 => 500
500 => 931
931 => 500
500 => 933
933 => 500
500 => 935
935 => 500
500 => 936
936 => 500
500 => 937
937 => 500
500 => 938
938 => 500
500 => 940
940 => 500
500 => 941
941 => 500
500 => 945
945 => 500
500 => 947
947 => 500
500 => 949
949 => 500
500 => 950
950 => 500
500 => 951
951 => 500
500 => 959
959 => 500
500 => 962
962 => 500
500 => 966
966 => 500
500 => 967
967 => 500
500 => 968
968 => 500
500 => 970
970 => 500
500 => 971
971 => 500
500 => 974
974 => 500
500 => 975
975 => 500
500 => 976
976 => 500
500 => 978
978 => 500
500 => 500
502 => 502
504 => 504
505 => 505
507 => 507
510 => 510
511 => 511
512 => 512
513 => 513
514 => 514
515 => 515
516 => 516
518 => 518
519 => 519
520 => 520
521 => 521
522 => 522
524 => 524
525 => 525
526 => 526
527 => 527
529 => 529
530 => 530
531 => 531
533 => 533
535 => 535
536 => 536
537 => 537
538 => 538
540 => 540
541 => 541
542 => 542
543 => 543
545 => 545
548 => 548
549 => 549
550 => 550
551 => 551
553 => 553
555 => 555
556 => 556
557 => 557
558 => 558
559 => 559
562 => 562
563 => 563
564 => 564
565 => 565
566 => 566
567 => 567
568 => 568
569 => 569
570 => 570
572 => 572
573 => 573
574 => 574
576 => 576
577 => 577
580 => 580
581 => 581
582 => 582
583 => 583
584 => 584
585 => 585
587 => 587
588 => 588
589 => 589
593 => 593
596 => 596
597 => 597
598 => 598
600 => 600
601 => 601
603 => 603
604 => 604
607 => 607
608 => 608
611 => 611
612 => 612
614 => 614
616 => 616
617 => 617
619 => 619
620 => 620
622 => 622
623 => 623
624 => 624
626 => 626
627 => 627
628 => 628
629 => 629
630 => 630
631 => 631
632 => 632
633 => 633
634 => 634
635 => 635
636 => 636
637 => 637
639 => 639
641 => 641
642 => 642
643 => 643
645 => 645
647 => 647
648 => 648
649 => 649
651 => 651
653 => 653
654 => 654
655 => 655
657 => 657
658 => 658
659 => 659
661 => 661
662 => 662
663 => 663
665 => 665
667 => 667
668 => 668
670 => 670
671 => 671
672 => 672
673 => 673
674 => 674
675 => 675
676 => 676
677 => 677
678 => 678
679 => 679
681 => 681
683 => 683
684 => 684
685 => 685
686 => 686
687 => 687
688 => 688
689 => 689
690 => 690
691 => 691
692 => 692
693 => 693
694 => 694
697 => 697
698 => 698
699 => 699
700 => 700
701 => 701
702 => 702
703 => 703
704 => 704
708 => 708
709 => 709
710 => 710
711 => 711
713 => 713
715 => 715
716 => 716
718 => 718
720 => 720
721 => 721
722 => 722
723 => 723
724 => 724
725 => 725
726 => 726
727 => 727
728 => 728
729 => 729
730 => 730
731 => 731
732 => 732
733 => 733
734 => 734
735 => 735
736 => 736
737 => 737
738 => 738
739 => 739
740 => 740
741 => 741
742 => 742
743 => 743
744 => 744
745 => 745
746 => 746
747 => 747
748 => 748
749 => 749
750 => 750
751 => 751
753 => 753
754 => 754
755 => 755
760 => 760
761 => 761
762 => 762
763 => 763
764 => 764
765 => 765
766 => 766
767 => 767
768 => 768
770 => 770
771 => 771
772 => 772
773 => 773
775 => 775
776 => 776
777 => 777
778 => 778
779 => 779
780 => 780
781 => 781
783 => 783
785 => 785
786 => 786
787 => 787
788 => 788
789 => 789
790 => 790
791 => 791
793 => 793
795 => 795
796 => 796
797 => 797
799 => 799
800 => 800
802 => 802
804 => 804
805 => 805
806 => 806
808 => 808
809 => 809
810 => 810
811 => 811
814 => 814
816 => 816
819 => 819
820 => 820
821 => 821
822 => 822
824 => 824
825 => 825
826 => 826
827 => 827
828 => 828
830 => 830
831 => 831
832 => 832
833 => 833
837 => 837
839 => 839
840 => 840
842 => 842
843 => 843
844 => 844
846 => 846
848 => 848
849 => 849
850 => 850
851 => 851
853 => 853
856 => 856
857 => 857
859 => 859
861 => 861
862 => 862
863 => 863
864 => 864
865 => 865
866 => 866
868 => 868
869 => 869
870 => 870
872 => 872
873 => 873
874 => 874
875 => 875
876 => 876
878 => 878
879 => 879
881 => 881
882 => 882
883 => 883
884 => 884
885 => 885
886 => 886
888 => 888
889 => 889
890 => 890
891 => 891
892 => 892
893 => 893
894 => 894
895 => 895
896 => 896
897 => 897
898 => 898
899 => 899
900 => 900
903 => 903
904 => 904
905 => 905
906 => 906
910 => 910
911 => 911
913 => 913
914 => 914
915 => 915
917 => 917
918 => 918
919 => 919
921 => 921
923 => 923
924 => 924
925 => 925
927 => 927
929 => 929
930 => 930
931 => 931
933 => 933
935 => 935
936 => 936
937 => 937
938 => 938
939 => 939
940 => 940
941 => 941
942 => 942
944 => 944
945 => 945
946 => 946
947 => 947
948 => 948
949 => 949
950 => 950
951 => 951
953 => 953
954 => 954
958 => 958
959 => 959
962 => 962
963 => 963
966 => 966
967 => 967
968 => 968
970 => 970
971 => 971
972 => 972
974 => 974
975 => 975
976 => 976
978 => 978
980 => 980
981 => 981
982 => 982
984 => 984
986 => 986
988 => 988
990 => 990
991 => 991
994 => 994
997 => 997
999 => 999
Path: 0 500 978 978 500 976 976 500 975 975 500 974 974 500 971 971 500 970 970 500 968 968 500 967 967 500 966 966 500 962 962 500 959 959 500 951 951 500 950 950 500 949 949 500 947 947 500 945 945 500 941 941 500 940 940 500 938 938 500 937 937 500 936 936 500 935 935 500 933 933 500 931 931 500 929 929 500 924 924 500 923 923 500 921 921 500 919 919 500 914 914 500 913 913 500 911 911 500 910 910 500 905 905 500 903 903 500 900 900 500 899 899 500 898 898 500 897 897 500 896 896 500 895 895 500 894 894 500 893 893 500 891 891 500 890 890 500 889 889 500 888 888 500 885 885 500 883 883 500 879 879 500 875 875 500 873 873 500 872 872 500 870 870 500 869 869 500 866 866 500 865 865 500 864 864 500 863 863 500 857 857 500 853 853 500 851 851 500 849 849 500 844 844 500 843 843 500 842 842 500 840 840 500 839 839 500 837 837 500 833 833 500 832 832 500 831 831 500 830 830 500 828 828 500 827 827 500 826 826 500 822 822 500 821 821 500 814 814 500 809 809 500 808 808 500 806 806 500 805 805 500 802 802 500 793 793 500 790 790 500 789 789 500 788 788 500 787 787 500 783 783 500 781 781 500 780 780 500 778 778 500 776 776 500 775 775 500 773 773 500 772 772 500 771 771 500 770 770 500 768 768 500 766 766 500 765 765 500 764 764 500 762 762 500 760 760 500 755 755 500 753 753 500 751 751 500 750 750 500 748 748 500 746 746 500 743 743 500 741 741 500 739 739 500 737 737 500 735 735 500 734 734 500 733 733 500 730 730 500 729 729 500 728 728 500 727 727 500 726 726 500 725 725 500 724 724 500 723 723 500 722 722 500 718 718 500 716 716 500 715 715 500 710 710 500 709 709 500 708 708 500 704 704 500 702 702 500 701 701 500 700 700 500 698 698 500 697 697 500 694 694 500 692 692 500 691 691 500 690 690 500 689 689 500 687 687 500 686 686 500 684 684 500 683 683 500 681 681 500 679 679 500 678 678 500 676 676 500 675 675 500 674 674 500 672 672 500 671 671 500 668 668 500 667 667 500 665 665 500 663 663 500 662 662 500 659 659 500 657 657 500 655 655 500 653 653 500 649 649 500 647 647 500 645 645 500 643 643 500 642 642 500 641 641 500 639 639 500 637 637 500 636 636 500 635 635 500 634 634 500 633 633 500 632 632 500 631 631 500 630 630 500 628 628 500 627 627 500 623 623 500 620 620 500 619 619 500 617 617 500 616 616 500 614 614 500 612 612 500 611 611 500 604 604 500 603 603 500 601 601 500 600 600 500 597 597 500 596 596 500 589 589 500 588 588 500 587 587 500 585 585 500 584 584 500 583 583 500 582 582 500 581 581 500 580 580 500 577 577 500 570 570 500 568 568 500 565 565 500 563 563 500 562 562 500 558 558 500 557 557 500 556 556 500 555 555 500 551 551 500 550 550 500 549 549 500 545 545 500 543 543 500 542 542 500 541 541 500 538 538 500 537 537 500 533 533 500 531 531 500 530 530 500 529 529 500 527 527 500 522 522 500 521 521 500 520 520 500 519 519 500 513 513 500 505 505 500 504 504 500 502 502 500 499 499 500 498 498 500 496 496 500 495 495 500 492 492 500 491 491 500 490 490 500 489 489 500 488 488 500 487 487 500 486 486 500 485 485 500 479 479 500 477 477 500 474 474 500 473 473 500 470 470 500 469 469 500 468 468 500 466 466 500 465 465 500 464 464 500 459 459 500 455 455 500 454 454 500 453 453 500 451 451 500 445 445 500 444 444 500 443 443 500 440 440 500 438 438 500 437 437 500 436 436 500 432 432 500 431 431 500 427 427 500 425 425 500 424 424 500 422 422 500 421 421 500 417 417 500 415 415 500 409 409 500 406 406 500 405 405 500 404 404 500 403 403 500 402 402 500 401 401 500 400 400 500 399 399 500 397 397 500 395 395 500 394 394 500 392 392 500 391 391 500 390 390 500 388 388 500 386 386 500 384 384 500 382 382 500 381 381 500 380 380 500 378 378 500 375 375 500 373 373 500 372 372 500 370 370 500 367 367 500 366 366 500 364 364 500 363 363 500 360 360 500 358 358 500 357 357 500 356 356 500 353 353 500 352 352 500 350 350 500 347 347 500 346 346 500 345 345 500 343 343 500 342 342 500 340 340 500 338 338 500 337 337 500 334 334 500 331 331 500 330 330 500 328 328 500 327 327 500 326 326 500 324 324 500 322 322 500 321 321 500 320 320 500 318 318 500 316 316 500 313 313 500 307 307 500 306 306 500 305 305 500 304 304 500 303 303 500 302 302 500 300 300 500 299 299 500 297 297 500 296 296 500 292 292 500 291 291 500 290 290 500 289 289 500 287 287 500 284 284 500 283 283 500 277 277 500 276 276 500 274 274 500 272 272 500 270 270 500 268 268 500 266 266 500 262 262 500 261 261 500 259 259 500 257 257 500 256 256 500 254 5 999 999 5 997 997 5 994 994 5 991 991 5 990 990 5 988 988 5 986 986 5 984 984 5 982 982 5 981 981 5 980 980 5 972 972 5 963 963 5 958 958 5 954 954 5 953 953 5 948 948 5 946 946 5 944 944 5 942 942 5 939 939 5 930 930 5 927 927 5 925 925 5 918 918 5 917 917 5 915 915 5 906 906 5 904 904 5 892 892 5 886 886 5 884 884 5 882 882 5 881 881 5 878 878 5 876 876 5 874 874 5 868 868 5 862 862 5 861 861 5 859 859 5 856 856 5 850 850 5 848 848 5 846 846 5 825 825 5 824 824 5 820 820 5 819 819 5 816 816 5 811 811 5 810 810 5 804 804 5 800 800 5 799 799 5 797 797 5 796 796 5 795 795 5 791 791 5 786 786 5 785 785 5 779 779 5 777 777 5 767 767 5 763 763 5 761 761 5 754 754 5 749 749 5 747 747 5 745 745 5 744 744 5 742 742 5 740 740 5 738 738 5 736 736 5 732 732 5 731 731 5 721 721 5 720 720 5 713 713 5 711 711 5 703 703 5 699 699 5 693 693 5 688 688 5 685 685 5 677 677 5 673 673 5 670 670 5 661 661 5 658 658 5 654 654 5 651 651 5 648 648 5 629 629 5 626 626 5 624 624 5 622 622 5 608 608 5 607 607 5 598 598 5 593 593 5 576 576 5 574 574 5 573 573 5 572 572 5 569 569 5 567 567 5 566 566 5 564 564 5 559 559 5 553 553 5 548 548 5 540 540 5 536 536 5 535 535 5 526 526 5 525 525 5 524 524 5 518 518 5 516 516 5 515 515 5 514 514 5 512 512 5 511 511 5 510 510 5 507 507 5 494 494 5 483 483 5 482 482 5 475 475 5 472 472 5 471 471 5 467 467 5 463 463 5 462 462 5 461 461 5 457 457 5 456 456 5 452 452 5 449 449 5 448 448 5 446 446 5 442 442 5 433 433 5 426 426 5 416 416 5 413 413 5 412 412 5 407 407 5 398 398 5 393 393 5 379 379 5 376 376 5 371 371 5 369 369 5 368 368 5 365 365 5 361 361 5 359 359 5 351 351 5 349 349 5 344 344 5 341 341 5 336 336 5 335 335 5 329 329 5 323 323 5 319 319 5 317 317 5 309 309 5 308 308 5 301 301 5 295 295 5 293 293 5 288 288 5 279 279 5 278 278 5 273 273 5 271 271 5 269 269 5 263 263 5 258 258 5 255 255 5 251 251 5 249 249 5 241 241 5 238 238 5 236 236 5 233 233 5 232 232 5 229 229 5 225 225 5 213 213 5 210 210 5 198 198 5 195 195 5 190 190 5 184 184 5 183 183 5 176 176 5 173 173 5 168 168 5 163 163 5 159 159 5 146 146 5 145 145 5 138 138 5 137 137 5 136 136 5 135 135 5 134 134 5 133 133 5 127 127 5 123 123 5 117 117 5 116 116 5 114 114 5 113 113 5 111 111 5 101 101 5 100 100 5 97 97 5 80 80 5 71 71 5 62 62 5 54 54 5 52 52 5 51 51 5 48 48 5 47 47 5 45 45 5 44 44 5 43 43 5 35 35 5 26 26 5 22 22 5 19 19 5 2 2 5 5 254 254 500 253 253 500 252 252 500 247 247 500 245 245 500 244 244 500 242 242 500 240 240 500 239 239 500 237 237 500 235 235 500 234 234 500 231 231 500 230 230 500 228 228 500 226 226 500 224 224 500 222 222 500 219 219 500 217 217 500 215 215 500 214 214 500 212 212 500 211 211 500 209 209 500 208 208 500 206 206 500 204 204 500 203 203 500 202 202 500 201 201 500 200 200 500 199 199 500 196 196 500 193 193 500 192 192 500 191 191 500 188 188 500 185 185 500 181 181 500 180 180 500 179 179 500 177 177 500 175 175 500 172 172 500 171 171 500 170 170 500 167 167 500 165 165 500 164 164 500 162 162 500 161 161 500 160 160 500 158 158 500 157 157 500 155 155 500 154 154 500 152 152 500 151 151 500 150 150 500 149 149 500 148 148 500 147 147 500 144 144 500 142 142 500 130 130 500 129 129 500 126 126 500 125 125 500 121 121 500 120 120 500 119 119 500 118 118 500 115 115 500 110 110 500 108 108 500 107 107 500 106 106 500 104 104 500 103 103 500 102 102 500 99 99 500 98 98 500 94 94 500 93 93 500 90 90 500 89 89 500 87 87 500 86 86 500 85 85 500 84 84 500 83 83 500 82 82 500 81 81 500 77 77 500 72 72 500 70 70 500 68 68 500 67 67 500 64 64 500 63 63 500 59 59 500 57 57 500 55 55 500 53 53 500 50 50 500 46 46 500 40 40 500 39 39 500 38 38 500 36 36 500 34 34 500 33 33 500 31 31 500 30 30 500 28 28 500 27 27 500 25 25 500 24 24 500 23 23 500 18 18 500 17 6 20 20 6 15 15 6 4 4 6 3 3 6 6 17 17 500 16 16 500 14 14 500 12 12 500 11 11 500 8 8 500 7 7 500 500 0 
1: 1 
label map
Auxiliary Edges

 Vertices:
1

 Edges:
1 => 1
Path: 1 1 
2: 9 
label map
Auxiliary Edges

 Vertices:
9

 Edges:
9 => 9
Path: 9 9 
3: 10 
label map
Auxiliary Edges

 Vertices:
10

 Edges:
10 => 10
Path: 10 10 
4: 13 
label map
Auxiliary Edges

 Vertices:
13

 Edges:
13 => 13
Path: 13 13 
5: 21 
label map
Auxiliary Edges

 Vertices:
21

 Edges:
21 => 21
Path: 21 21 
6: 29 
label map
Auxiliary Edges

 Vertices:
29

 Edges:
29 => 29
Path: 29 29 
7: 32 
label map
Auxiliary Edges

 Vertices:
32

 Edges:
32 => 32
Path: 32 32 
8: 37 
label map
Auxiliary Edges

 Vertices:
37

 Edges:
37 => 37
Path: 37 37 
9: 41 
label map
Auxiliary Edges

 Vertices:
41

 Edges:
41 => 41
Path: 41 41 
10: 42 
label map
Auxiliary Edges

 Vertices:
42

 Edges:
42 => 42
Path: 42 42 
11: 49 
label map
Auxiliary Edges

 Vertices:
49

 Edges:
49 => 49
Path: 49 49 
12: 56 
label map
Auxiliary Edges

 Vertices:
56

 Edges:
56 => 56
Path: 56 56 
13: 58 
label map
Auxiliary Edges

 Vertices:
58

 Edges:
58 => 58
Path: 58 58 
14: 60 
label map
Auxiliary Edges

 Vertices:
60

 Edges:
60 => 60
Path: 60 60 
15: 61 
label map
Auxiliary Edges

 Vertices:
61

 Edges:
61 => 61
Path: 61 61 
16: 65 
label map
Auxiliary Edges

 Vertices:
65

 Edges:
65 => 65
Path: 65 65 
17: 66 
label map
Auxiliary Edges

 Vertices:
66

 Edges:
66 => 66
Path: 66 66 
18: 69 
label map
Auxiliary Edges

 Vertices:
69

 Edges:
69 => 69
Path: 69 69 
19: 73 
label map
Auxiliary Edges

 Vertices:
73

 Edges:
73 => 73
Path: 73 73 
20: 74 
label map
Auxiliary Edges

 Vertices:
74

 Edges:
74 => 74
Path: 74 74 
21: 75 
label map
Auxiliary Edges

 Vertices:
75

 Edges:
75 => 75
Path: 75 75 
22: 76 
label map
Auxiliary Edges

 Vertices:
76

 Edges:
76 => 76
Path: 76 76 
23: 78 
label map
Auxiliary Edges

 Vertices:
78

 Edges:
78 => 78
Path: 78 78 
24: 79 
label map
Auxiliary Edges

 Vertices:
79

 Edges:
79 => 79
Path: 79 79 
25: 88 
label map
Auxiliary Edges

 Vertices:
88

 Edges:
88 => 88
Path: 88 88 
26: 91 
label map
Auxiliary Edges

 Vertices:
91

 Edges:
91 => 91
Path: 91 91 
27: 92 
label map
Auxiliary Edges

 Vertices:
92

 Edges:
92 => 92
Path: 92 92 
28: 95 
label map
Auxiliary Edges

 Vertices:
95

 Edges:
95 => 95
Path: 95 95 
29: 96 
label map
Auxiliary Edges

 Vertices:
96

 Edges:
96 => 96
Path: 96 96 
30: 105 
label map
Auxiliary Edges

 Vertices:
105

 Edges:
105 => 105
Path: 105 105 
31: 109 
label map
Auxiliary Edges

 Vertices:
109

 Edges:
109 => 109
Path: 109 109 
32: 112 
label map
Auxiliary Edges

 Vertices:
112

 Edges:
112 => 112
Path: 112 112 
33: 122 
label map
Auxiliary Edges

 Vertices:
122

 Edges:
122 => 122
Path: 122 122 
34: 124 
label map
Auxiliary Edges

 Vertices:
124

 Edges:
124 => 124
Path: 124 124 
35: 128 
label map
Auxiliary Edges

 Vertices:
128

 Edges:
128 => 128
Path: 128 128 
36: 131 
label map
Auxiliary Edges

 Vertices:
131

 Edges:
131 => 131
Path: 131 131 
37: 132 
label map
Auxiliary Edges

 Vertices:
132

 Edges:
132 => 132
Path: 132 132 
38: 139 
label map
Auxiliary Edges

 Vertices:
139

 Edges:
139 => 139
Path: 139 139 
39: 140 
label map
Auxiliary Edges

 Vertices:
140

 Edges:
140 => 140
Path: 140 140 
40: 141 
label map
Auxiliary Edges

 Vertices:
141

 Edges:
141 => 141
Path: 141 141 
41: 143 
label map
Auxiliary Edges

 Vertices:
143

 Edges:
143 => 143
Path: 143 143 
42: 153 
label map
Auxiliary Edges

 Vertices:
153

 Edges:
153 => 153
Path: 153 153 
43: 156 
label map
Auxiliary Edges

 Vertices:
156

 Edges:
156 => 156
Path: 156 156 
44: 166 
label map
Auxiliary Edges

 Vertices:
166

 Edges:
166 => 166
Path: 166 166 
45: 169 
label map
Auxiliary Edges

 Vertices:
169

 Edges:
169 => 169
Path: 169 169 
46: 174 
label map
Auxiliary Edges

 Vertices:
174

 Edges:
174 => 174
Path: 174 174 
47: 178 
label map
Auxiliary Edges

 Vertices:
178

 Edges:
178 => 178
Path: 178 178 
48: 182 
label map
Auxiliary Edges

 Vertices:
182

 Edges:
182 => 182
Path: 182 182 
49: 186 
label map
Auxiliary Edges

 Vertices:
186

 Edges:
186 => 186
Path: 186 186 
50: 187 
label map
Auxiliary Edges

 Vertices:
187

 Edges:
187 => 187
Path: 187 187 
51: 189 
label map
Auxiliary Edges

 Vertices:
189

 Edges:
189 => 189
Path: 189 189 
52: 194 
label map
Auxiliary Edges

 Vertices:
194

 Edges:
194 => 194
Path: 194 194 
53: 197 
label map
Auxiliary Edges

 Vertices:
197

 Edges:
197 => 197
Path: 197 197 
54: 205 
label map
Auxiliary Edges

 Vertices:
205

 Edges:
205 => 205
Path: 205 205 
55: 207 
label map
Auxiliary Edges

 Vertices:
207

 Edges:
207 => 207
Path: 207 207 
56: 216 
label map
Auxiliary Edges

 Vertices:
216

 Edges:
216 => 216
Path: 216 216 
57: 218 
label map
Auxiliary Edges

 Vertices:
218

 Edges:
218 => 218
Path: 218 218 
58: 220 
label map
Auxiliary Edges

 Vertices:
220

 Edges:
220 => 220
Path: 220 220 
59: 221 
label map
Auxiliary Edges

 Vertices:
221

 Edges:
221 => 221
Path: 221 221 
60: 223 
label map
Auxiliary Edges

 Vertices:
223

 Edges:
223 => 223
Path: 223 223 
61: 227 
label map
Auxiliary Edges

 Vertices:
227

 Edges:
227 => 227
Path: 227 227 
62: 243 
label map
Auxiliary Edges

 Vertices:
243

 Edges:
243 => 243
Path: 243 243 
63: 246 
label map
Auxiliary Edges

 Vertices:
246

 Edges:
246 => 246
Path: 246 246 
64: 248 
label map
Auxiliary Edges

 Vertices:
248

 Edges:
248 => 248
Path: 248 248 
65: 250 
label map
Auxiliary Edges

 Vertices:
250

 Edges:
250 => 250
Path: 250 250 
66: 260 
label map
Auxiliary Edges

 Vertices:
260

 Edges:
260 => 260
Path: 260 260 
67: 264 
label map
Auxiliary Edges

 Vertices:
264

 Edges:
264 => 264
Path: 264 264 
68: 265 
label map
Auxiliary Edges

 Vertices:
265

 Edges:
265 => 265
Path: 265 265 
69: 267 
label map
Auxiliary Edges

 Vertices:
267

 Edges:
267 => 267
Path: 267 267 
70: 275 
label map
Auxiliary Edges

 Vertices:
275

 Edges:
275 => 275
Path: 275 275 
71: 280 
label map
Auxiliary Edges

 Vertices:
280

 Edges:
280 => 280
Path: 280 280 
72: 281 
label map
Auxiliary Edges

 Vertices:
281

 Edges:
281 => 281
Path: 281 281 
73: 282 
label map
Auxiliary Edges

 Vertices:
282

 Edges:
282 => 282
Path: 282 282 
74: 285 
label map
Auxiliary Edges

 Vertices:
285

 Edges:
285 => 285
Path: 285 285 
75: 286 
label map
Auxiliary Edges

 Vertices:
286

 Edges:
286 => 286
Path: 286 286 
76: 294 
label map
Auxiliary Edges

 Vertices:
294

 Edges:
294 => 294
Path: 294 294 
77: 298 
label map
Auxiliary Edges

 Vertices:
298

 Edges:
298 => 298
Path: 298 298 
78: 310 
label map
Auxiliary Edges

 Vertices:
310

 Edges:
310 => 310
Path: 310 310 
79: 311 
label map
Auxiliary Edges

 Vertices:
311

 Edges:
311 => 311
Path: 311 311 
80: 312 
label map
Auxiliary Edges

 Vertices:
312

 Edges:
312 => 312
Path: 312 312 
81: 314 
label map
Auxiliary Edges

 Vertices:
314

 Edges:
314 => 314
Path: 314 314 
82: 315 
label map
Auxiliary Edges

 Vertices:
315

 Edges:
315 => 315
Path: 315 315 
83: 325 
label map
Auxiliary Edges

 Vertices:
325

 Edges:
325 => 325
Path: 325 325 
84: 332 
label map
Auxiliary Edges

 Vertices:
332

 Edges:
332 => 332
Path: 332 332 
85: 333 
label map
Auxiliary Edges

 Vertices:
333

 Edges:
333 => 333
Path: 333 333 
86: 339 
label map
Auxiliary Edges

 Vertices:
339

 Edges:
339 => 339
Path: 339 339 
87: 348 
label map
Auxiliary Edges

 Vertices:
348

 Edges:
348 => 348
Path: 348 348 
88: 354 
label map
Auxiliary Edges

 Vertices:
354

 Edges:
354 => 354
Path: 354 354 
89: 355 
label map
Auxiliary Edges

 Vertices:
355

 Edges:
355 => 355
Path: 355 355 
90: 362 
label map
Auxiliary Edges

 Vertices:
362

 Edges:
362 => 362
Path: 362 362 
91: 374 
label map
Auxiliary Edges

 Vertices:
374

 Edges:
374 => 374
Path: 374 374 
92: 377 
label map
Auxiliary Edges

 Vertices:
377

 Edges:
377 => 377
Path: 377 377 
93: 383 
label map
Auxiliary Edges

 Vertices:
383

 Edges:
383 => 383
Path: 383 383 
94: 385 
label map
Auxiliary Edges

 Vertices:
385

 Edges:
385 => 385
Path: 385 385 
95: 387 
label map
Auxiliary Edges

 Vertices:
387

 Edges:
387 => 387
Path: 387 387 
96: 389 
label map
Auxiliary Edges

 Vertices:
389

 Edges:
389 => 389
Path: 389 389 
97: 396 
label map
Auxiliary Edges

 Vertices:
396

 Edges:
396 => 396
Path: 396 396 
98: 408 
label map
Auxiliary Edges

 Vertices:
408

 Edges:
408 => 408
Path: 408 408 
99: 410 
label map
Auxiliary Edges

 Vertices:
410

 Edges:
410 => 410
Path: 410 410 
100: 411 
label map
Auxiliary Edges

 Vertices:
411

 Edges:
411 => 411
Path: 411 411 
101: 414 
label map
Auxiliary Edges

 Vertices:
414

 Edges:
414 => 414
Path: 414 414 
102: 418 
label map
Auxiliary Edges

 Vertices:
418

 Edges:
418 => 418
Path: 418 418 
103: 419 
label map
Auxiliary Edges

 Vertices:
419

 Edges:
419 => 419
Path: 419 419 
104: 420 
label map
Auxiliary Edges

 Vertices:
420

 Edges:
420 => 420
Path: 420 420 
105: 423 
label map
Auxiliary Edges

 Vertices:
423

 Edges:
423 => 423
Path: 423 423 
106: 428 
label map
Auxiliary Edges

 Vertices:
428

 Edges:
428 => 428
Path: 428 428 
107: 429 
label map
Auxiliary Edges

 Vertices:
429

 Edges:
429 => 429
Path: 429 429 
108: 430 
label map
Auxiliary Edges

 Vertices:
430

 Edges:
430 => 430
Path: 430 430 
109: 434 
label map
Auxiliary Edges

 Vertices:
434

 Edges:
434 => 434
Path: 434 434 
110: 435 
label map
Auxiliary Edges

 Vertices:
435

 Edges:
435 => 435
Path: 435 435 
111: 439 
label map
Auxiliary Edges

 Vertices:
439

 Edges:
439 => 439
Path: 439 439 
112: 441 
label map
Auxiliary Edges

 Vertices:
441

 Edges:
441 => 441
Path: 441 441 
113: 447 
label map
Auxiliary Edges

 Vertices:
447

 Edges:
447 => 447
Path: 447 447 
114: 450 
label map
Auxiliary Edges

 Vertices:
450

 Edges:
450 => 450
Path: 450 450 
115: 458 
label map
Auxiliary Edges

 Vertices:
458

 Edges:
458 => 458
Path: 458 458 
116: 460 
label map
Auxiliary Edges

 Vertices:
460

 Edges:
460 => 460
Path: 460 460 
117: 476 
label map
Auxiliary Edges

 Vertices:
476

 Edges:
476 => 476
Path: 476 476 
118: 478 
label map
Auxiliary Edges

 Vertices:
478

 Edges:
478 => 478
Path: 478 478 
119: 480 
label map
Auxiliary Edges

 Vertices:
480

 Edges:
480 => 480
Path: 480 480 
120: 481 
label map
Auxiliary Edges

 Vertices:
481

 Edges:
481 => 481
Path: 481 481 
121: 484 
label map
Auxiliary Edges

 Vertices:
484

 Edges:
484 => 484
Path: 484 484 
122: 493 
label map
Auxiliary Edges

 Vertices:
493

 Edges:
493 => 493
Path: 493 493 
123: 497 
label map
Auxiliary Edges

 Vertices:
497

 Edges:
497 => 497
Path: 497 497 
124: 501 
label map
Auxiliary Edges

 Vertices:
501

 Edges:
501 => 501
Path: 501 501 
125: 503 
label map
Auxiliary Edges

 Vertices:
503

 Edges:
503 => 503
Path: 503 503 
126: 506 
label map
Auxiliary Edges

 Vertices:
506

 Edges:
506 => 506
Path: 506 506 
127: 508 
label map
Auxiliary Edges

 Vertices:
508

 Edges:
508 => 508
Path: 508 508 
128: 509 
label map
Auxiliary Edges

 Vertices:
509

 Edges:
509 => 509
Path: 509 509 
129: 517 
label map
Auxiliary Edges

 Vertices:
517

 Edges:
517 => 517
Path: 517 517 
130: 523 
label map
Auxiliary Edges

 Vertices:
523

 Edges:
523 => 523
Path: 523 523 
131: 528 
label map
Auxiliary Edges

 Vertices:
528

 Edges:
528 => 528
Path: 528 528 
132: 532 
label map
Auxiliary Edges

 Vertices:
532

 Edges:
532 => 532
Path: 532 532 
133: 534 
label map
Auxiliary Edges

 Vertices:
534

 Edges:
534 => 534
Path: 534 534 
134: 539 
label map
Auxiliary Edges

 Vertices:
539

 Edges:
539 => 539
Path: 539 539 
135: 544 
label map
Auxiliary Edges

 Vertices:
544

 Edges:
544 => 544
Path: 544 544 
136: 546 
label map
Auxiliary Edges

 Vertices:
546

 Edges:
546 => 546
Path: 546 546 
137: 547 
label map
Auxiliary Edges

 Vertices:
547

 Edges:
547 => 547
Path: 547 547 
138: 552 
label map
Auxiliary Edges

 Vertices:
552

 Edges:
552 => 552
Path: 552 552 
139: 554 
label map
Auxiliary Edges

 Vertices:
554

 Edges:
554 => 554
Path: 554 554 
140: 560 
label map
Auxiliary Edges

 Vertices:
560

 Edges:
560 => 560
Path: 560 560 
141: 561 
label map
Auxiliary Edges

 Vertices:
561

 Edges:
561 => 561
Path: 561 561 
142: 571 
label map
Auxiliary Edges

 Vertices:
571

 Edges:
571 => 571
Path: 571 571 
143: 575 
label map
Auxiliary Edges

 Vertices:
575

 Edges:
575 => 575
Path: 575 575 
144: 578 
label map
Auxiliary Edges

 Vertices:
578

 Edges:
578 => 578
Path: 578 578 
145: 579 
label map
Auxiliary Edges

 Vertices:
579

 Edges:
579 => 579
Path: 579 579 
146: 586 
label map
Auxiliary Edges

 Vertices:
586

 Edges:
586 => 586
Path: 586 586 
147: 590 
label map
Auxiliary Edges

 Vertices:
590

 Edges:
590 => 590
Path: 590 590 
148: 591 
label map
Auxiliary Edges

 Vertices:
591

 Edges:
591 => 591
Path: 591 591 
149: 592 
label map
Auxiliary Edges

 Vertices:
592

 Edges:
592 => 592
Path: 592 592 
150: 594 
label map
Auxiliary Edges

 Vertices:
594

 Edges:
594 => 594
Path: 594 594 
151: 595 
label map
Auxiliary Edges

 Vertices:
595

 Edges:
595 => 595
Path: 595 595 
152: 599 
label map
Auxiliary Edges

 Vertices:
599

 Edges:
599 => 599
Path: 599 599 
153: 602 
label map
Auxiliary Edges

 Vertices:
602

 Edges:
602 => 602
Path: 602 602 
154: 605 
label map
Auxiliary Edges

 Vertices:
605

 Edges:
605 => 605
Path: 605 605 
155: 606 
label map
Auxiliary Edges

 Vertices:
606

 Edges:
606 => 606
Path: 606 606 
156: 609 
label map
Auxiliary Edges

 Vertices:
609

 Edges:
609 => 609
Path: 609 609 
157: 610 
label map
Auxiliary Edges

 Vertices:
610

 Edges:
610 => 610
Path: 610 610 
158: 613 
label map
Auxiliary Edges

 Vertices:
613

 Edges:
613 => 613
Path: 613 613 
159: 615 
label map
Auxiliary Edges

 Vertices:
615

 Edges:
615 => 615
Path: 615 615 
160: 618 
label map
Auxiliary Edges

 Vertices:
618

 Edges:
618 => 618
Path: 618 618 
161: 621 
label map
Auxiliary Edges

 Vertices:
621

 Edges:
621 => 621
Path: 621 621 
162: 625 
label map
Auxiliary Edges

 Vertices:
625

 Edges:
625 => 625
Path: 625 625 
163: 638 
label map
Auxiliary Edges

 Vertices:
638

 Edges:
638 => 638
Path: 638 638 
164: 640 
label map
Auxiliary Edges

 Vertices:
640

 Edges:
640 => 640
Path: 640 640 
165: 644 
label map
Auxiliary Edges

 Vertices:
644

 Edges:
644 => 644
Path: 644 644 
166: 646 
label map
Auxiliary Edges

 Vertices:
646

 Edges:
646 => 646
Path: 646 646 
167: 650 
label map
Auxiliary Edges

 Vertices:
650

 Edges:
650 => 650
Path: 650 650 
168: 652 
label map
Auxiliary Edges

 Vertices:
652

 Edges:
652 => 652
Path: 652 652 
169: 656 
label map
Auxiliary Edges

 Vertices:
656

 Edges:
656 => 656
Path: 656 656 
170: 660 
label map
Auxiliary Edges

 Vertices:
660

 Edges:
660 => 660
Path: 660 660 
171: 664 
label map
Auxiliary Edges

 Vertices:
664

 Edges:
664 => 664
Path: 664 664 
172: 666 
label map
Auxiliary Edges

 Vertices:
666

 Edges:
666 => 666
Path: 666 666 
173: 669 
label map
Auxiliary Edges

 Vertices:
669

 Edges:
669 => 669
Path: 669 669 
174: 680 
label map
Auxiliary Edges

 Vertices:
680

 Edges:
680 => 680
Path: 680 680 
175: 682 
label map
Auxiliary Edges

 Vertices:
682

 Edges:
682 => 682
Path: 682 682 
176: 695 
label map
Auxiliary Edges

 Vertices:
695

 Edges:
695 => 695
Path: 695 695 
177: 696 
label map
Auxiliary Edges

 Vertices:
696

 Edges:
696 => 696
Path: 696 696 
178: 705 
label map
Auxiliary Edges

 Vertices:
705

 Edges:
705 => 705
Path: 705 705 
179: 706 
label map
Auxiliary Edges

 Vertices:
706

 Edges:
706 => 706
Path: 706 706 
180: 707 
label map
Auxiliary Edges

 Vertices:
707

 Edges:
707 => 707
Path: 707 707 
181: 712 
label map
Auxiliary Edges

 Vertices:
712

 Edges:
712 => 712
Path: 712 712 
182: 714 
label map
Auxiliary Edges

 Vertices:
714

 Edges:
714 => 714
Path: 714 714 
183: 717 
label map
Auxiliary Edges

 Vertices:
717

 Edges:
717 => 717
Path: 717 717 
184: 719 
label map
Auxiliary Edges

 Vertices:
719

 Edges:
719 => 719
Path: 719 719 
185: 752 
label map
Auxiliary Edges

 Vertices:
752

 Edges:
752 => 752
Path: 752 752 
186: 756 
label map
Auxiliary Edges

 Vertices:
756

 Edges:
756 => 756
Path: 756 756 
187: 757 
label map
Auxiliary Edges

 Vertices:
757

 Edges:
757 => 757
Path: 757 757 
188: 758 
label map
Auxiliary Edges

 Vertices:
758

 Edges:
758 => 758
Path: 758 758 
189: 759 
label map
Auxiliary Edges

 Vertices:
759

 Edges:
759 => 759
Path: 759 759 
190: 769 
label map
Auxiliary Edges

 Vertices:
769

 Edges:
769 => 769
Path: 769 769 
191: 774 
label map
Auxiliary Edges

 Vertices:
774

 Edges:
774 => 774
Path: 774 774 
192: 782 
label map
Auxiliary Edges

 Vertices:
782

 Edges:
782 => 782
Path: 782 782 
193: 784 
label map
Auxiliary Edges

 Vertices:
784

 Edges:
784 => 784
Path: 784 784 
194: 792 
label map
Auxiliary Edges

 Vertices:
792

 Edges:
792 => 792
Path: 792 792 
195: 794 
label map
Auxiliary Edges

 Vertices:
794

 Edges:
794 => 794
Path: 794 794 
196: 798 
label map
Auxiliary Edges

 Vertices:
798

 Edges:
798 => 798
Path: 798 798 
197: 801 
label map
Auxiliary Edges

 Vertices:
801

 Edges:
801 => 801
Path: 801 801 
198: 803 
label map
Auxiliary Edges

 Vertices:
803

 Edges:
803 => 803
Path: 803 803 
199: 807 
label map
Auxiliary Edges

 Vertices:
807

 Edges:
807 => 807
Path: 807 807 
200: 812 
label map
Auxiliary Edges

 Vertices:
812

 Edges:
812 => 812
Path: 812 812 
201: 813 
label map
Auxiliary Edges

 Vertices:
813

 Edges:
813 => 813
Path: 813 813 
202: 815 
label map
Auxiliary Edges

 Vertices:
815

 Edges:
815 => 815
Path: 815 815 
203: 817 
label map
Auxiliary Edges

 Vertices:
817

 Edges:
817 => 817
Path: 817 817 
204: 818 
label map
Auxiliary Edges

 Vertices:
818

 Edges:
818 => 818
Path: 818 818 
205: 823 
label map
Auxiliary Edges

 Vertices:
823

 Edges:
823 => 823
Path: 823 823 
206: 829 
label map
Auxiliary Edges

 Vertices:
829

 Edges:
829 => 829
Path: 829 829 
207: 834 
label map
Auxiliary Edges

 Vertices:
834

 Edges:
834 => 834
Path: 834 834 
208: 835 
label map
Auxiliary Edges

 Vertices:
835

 Edges:
835 => 835
Path: 835 835 
209: 836 
label map
Auxiliary Edges

 Vertices:
836

 Edges:
836 => 836
Path: 836 836 
210: 838 
label map
Auxiliary Edges

 Vertices:
838

 Edges:
838 => 838
Path: 838 838 
211: 841 
label map
Auxiliary Edges

 Vertices:
841

 Edges:
841 => 841
Path: 841 841 
212: 845 
label map
Auxiliary Edges

 Vertices:
845

 Edges:
845 => 845
Path: 845 845 
213: 847 
label map
Auxiliary Edges

 Vertices:
847

 Edges:
847 => 847
Path: 847 847 
214: 852 
label map
Auxiliary Edges

 Vertices:
852

 Edges:
852 => 852
Path: 852 852 
215: 854 
label map
Auxiliary Edges

 Vertices:
854

 Edges:
854 => 854
Path: 854 854 
216: 855 
label map
Auxiliary Edges

 Vertices:
855

 Edges:
855 => 855
Path: 855 855 
217: 858 
label map
Auxiliary Edges

 Vertices:
858

 Edges:
858 => 858
Path: 858 858 
218: 860 
label map
Auxiliary Edges

 Vertices:
860

 Edges:
860 => 860
Path: 860 860 
219: 867 
label map
Auxiliary Edges

 Vertices:
867

 Edges:
867 => 867
Path: 867 867 
220: 871 
label map
Auxiliary Edges

 Vertices:
871

 Edges:
871 => 871
Path: 871 871 
221: 877 
label map
Auxiliary Edges

 Vertices:
877

 Edges:
877 => 877
Path: 877 877 
222: 880 
label map
Auxiliary Edges

 Vertices:
880

 Edges:
880 => 880
Path: 880 880 
223: 887 
label map
Auxiliary Edges

 Vertices:
887

 Edges:
887 => 887
Path: 887 887 
224: 901 
label map
Auxiliary Edges

 Vertices:
901

 Edges:
901 => 901
Path: 901 901 
225: 902 
label map
Auxiliary Edges

 Vertices:
902

 Edges:
902 => 902
Path: 902 902 
226: 907 
label map
Auxiliary Edges

 Vertices:
907

 Edges:
907 => 907
Path: 907 907 
227: 908 
label map
Auxiliary Edges

 Vertices:
908

 Edges:
908 => 908
Path: 908 908 
228: 909 
label map
Auxiliary Edges

 Vertices:
909

 Edges:
909 => 909
Path: 909 909 
229: 912 
label map
Auxiliary Edges

 Vertices:
912

 Edges:
912 => 912
Path: 912 912 
230: 916 
label map
Auxiliary Edges

 Vertices:
916

 Edges:
916 => 916
Path: 916 916 
231: 920 
label map
Auxiliary Edges

 Vertices:
920

 Edges:
920 => 920
Path: 920 920 
232: 922 
label map
Auxiliary Edges

 Vertices:
922

 Edges:
922 => 922
Path: 922 922 
233: 926 
label map
Auxiliary Edges

 Vertices:
926

 Edges:
926 => 926
Path: 926 926 
234: 928 
label map
Auxiliary Edges

 Vertices:
928

 Edges:
928 => 928
Path: 928 928 
235: 932 
label map
Auxiliary Edges

 Vertices:
932

 Edges:
932 => 932
Path: 932 932 
236: 934 
label map
Auxiliary Edges

 Vertices:
934

 Edges:
934 => 934
Path: 934 934 
237: 943 
label map
Auxiliary Edges

 Vertices:
943

 Edges:
943 => 943
Path: 943 943 
238: 952 
label map
Auxiliary Edges

 Vertices:
952

 Edges:
952 => 952
Path: 952 952 
239: 955 
label map
Auxiliary Edges

 Vertices:
955

 Edges:
955 => 955
Path: 955 955 
240: 956 
label map
Auxiliary Edges

 Vertices:
956

 Edges:
956 => 956
Path: 956 956 
241: 957 
label map
Auxiliary Edges

 Vertices:
957

 Edges:
957 => 957
Path: 957 957 
242: 960 
label map
Auxiliary Edges

 Vertices:
960

 Edges:
960 => 960
Path: 960 960 
243: 961 
label map
Auxiliary Edges

 Vertices:
961

 Edges:
961 => 961
Path: 961 961 
244: 964 
label map
Auxiliary Edges

 Vertices:
964

 Edges:
964 => 964
Path: 964 964 
245: 965 
label map
Auxiliary Edges

 Vertices:
965

 Edges:
965 => 965
Path: 965 965 
246: 969 
label map
Auxiliary Edges

 Vertices:
969

 Edges:
969 => 969
Path: 969 969 
247: 973 
label map
Auxiliary Edges

 Vertices:
973

 Edges:
973 => 973
Path: 973 973 
248: 977 
label map
Auxiliary Edges

 Vertices:
977

 Edges:
977 => 977
Path: 977 977 
249: 979 
label map
Auxiliary Edges

 Vertices:
979

 Edges:
979 => 979
Path: 979 979 
250: 983 
label map
Auxiliary Edges

 Vertices:
983

 Edges:
983 => 983
Path: 983 983 
251: 985 
label map
Auxiliary Edges

 Vertices:
985

 Edges:
985 => 985
Path: 985 985 
252: 987 
label map
Auxiliary Edges

 Vertices:
987

 Edges:
987 => 987
Path: 987 987 
253: 989 
label map
Auxiliary Edges

 Vertices:
989

 Edges:
989 => 989
Path: 989 989 
254: 992 
label map
Auxiliary Edges

 Vertices:
992

 Edges:
992 => 992
Path: 992 992 
255: 993 
label map
Auxiliary Edges

 Vertices:
993

 Edges:
993 => 993
Path: 993 993 
256: 995 
label map
Auxiliary Edges

 Vertices:
995

 Edges:
995 => 995
Path: 995 995 
257: 996 
label map
Auxiliary Edges

 Vertices:
996

 Edges:
996 => 996
Path: 996 996 
258: 998 
label map
Auxiliary Edges

 Vertices:
998

 Edges:
998 => 998
Path: 998 998 
tree created
(0, 500)
(500, 978)
(978, 978)
(978, 500)
(500, 976)
(976, 976)
(976, 500)
(500, 975)
(975, 975)
(975, 500)
(500, 974)
(974, 974)
(974, 500)
(500, 971)
(971, 971)
(971, 500)
(500, 970)
(970, 970)
(970, 500)
(500, 968)
(968, 968)
(968, 500)
(500, 967)
(967, 967)
(967, 500)
(500, 966)
(966, 966)
(966, 500)
(500, 962)
(962, 962)
(962, 500)
(500, 959)
(959, 959)
(959, 500)
(500, 951)
(951, 951)
(951, 500)
(500, 950)
(950, 950)
(950, 500)
(500, 949)
(949, 949)
(949, 500)
(500, 947)
(947, 947)
(947, 500)
(500, 945)
(945, 945)
(945, 500)
(500, 941)
(941, 941)
(941, 500)
(500, 940)
(940, 940)
(940, 500)
(500, 938)
(938, 938)
(938, 500)
(500, 937)
(937, 937)
(937, 500)
(500, 936)
(936, 936)
(936, 500)
(500, 935)
(935, 935)
(935, 500)
(500, 933)
(933, 933)
(933, 500)
(500, 931)
(931, 931)
(931, 500)
(500, 929)
(929, 929)
(929, 500)
(500, 924)
(924, 924)
(924, 500)
(500, 923)
(923, 923)
(923, 500)
(500, 921)
(921, 921)
(921, 500)
(500, 919)
(919, 919)
(919, 500)
(500, 914)
(914, 914)
(914, 500)
(500, 913)
(913, 913)
(913, 500)
(500, 911)
(911, 911)
(911, 500)
(500, 910)
(910, 910)
(910, 500)
(500, 905)
(905, 905)
(905, 500)
(500, 903)
(903, 903)
(903, 500)
(500, 900)
(900, 900)
(900, 500)
(500, 899)
(899, 899)
(899, 500)
(500, 898)
(898, 898)
(898, 500)
(500, 897)
(897, 897)
(897, 500)
(500, 896)
(896, 896)
(896, 500)
(500, 895)
(895, 895)
(895, 500)
(500, 894)
(894, 894)
(894, 500)
(500, 893)
(893, 893)
(893, 500)
(500, 891)
(891, 891)
(891, 500)
(500, 890)
(890, 890)
(890, 500)
(500, 889)
(889, 889)
(889, 500)
(500, 888)
(888, 888)
(888, 500)
(500, 885)
(885, 885)
(885, 500)
(500, 883)
(883, 883)
(883, 500)
(500, 879)
(879, 879)
(879, 500)
(500, 875)
(875, 875)
(875, 500)
(500, 873)
(873, 873)
(873, 500)
(500, 872)
(872, 872)
(872, 500)
(500, 870)
(870, 870)
(870, 500)
(500, 869)
(869, 869)
(869, 500)
(500, 866)
(866, 866)
(866, 500)
(500, 865)
(865, 865)
(865, 500)
(500, 864)
(864, 864)
(864, 500)
(500, 863)
(863, 863)
(863, 500)
(500, 857)
(857, 857)
(857, 500)
(500, 853)
(853, 853)
(853, 500)
(500, 851)
(851, 851)
(851, 500)
(500, 849)
(849, 849)
(849, 500)
(500, 844)
(844, 844)
(844, 500)
(500, 843)
(843, 843)
(843, 500)
(500, 842)
(842, 842)
(842, 500)
(500, 840)
(840, 840)
(840, 500)
(500, 839)
(839, 839)
(839, 500)
(500, 837)
(837, 837)
(837, 500)
(500, 833)
(833, 833)
(833, 500)
(500, 832)
(832, 832)
(832, 500)
(500, 831)
(831, 831)
(831, 500)
(500, 830)
(830, 830)
(830, 500)
(500, 828)
(828, 828)
(828, 500)
(500, 827)
(827, 827)
(827, 500)
(500, 826)
(826, 826)
(826, 500)
(500, 822)
(822, 822)
(822, 500)
(500, 821)
(821, 821)
(821, 500)
(500, 814)
(814, 814)
(814, 500)
(500, 809)
(809, 809)
(809, 500)
(500, 808)
(808, 808)
(808, 500)
(500, 806)
(806, 806)
(806, 500)
(500, 805)
(805, 805)
(805, 500)
(500, 802)
(802, 802)
(802, 500)
(500, 793)
(793, 793)
(793, 500)
(500, 790)
(790, 790)
(790, 500)
(500, 789)
(789, 789)
(789, 500)
(500, 788)
(788, 788)
(788, 500)
(500, 787)
(787, 787)
(787, 500)
(500, 783)
(783, 783)
(783, 500)
(500, 781)
(781, 781)
(781, 500)
(500, 780)
(780, 780)
(780, 500)
(500, 778)
(778, 778)
(778, 500)
(500, 776)
(776, 776)
(776, 500)
(500, 775)
(775, 775)
(775, 500)
(500, 773)
(773, 773)
(773, 500)
(500, 772)
(772, 772)
(772, 500)
(500, 771)
(771, 771)
(771, 500)
(500, 770)
(770, 770)
(770, 500)
(500, 768)
(768, 768)
(768, 500)
(500, 766)
(766, 766)
(766, 500)
(500, 765)
(765, 765)
(765, 500)
(500, 764)
(764, 764)
(764, 500)
(500, 762)
(762, 762)
(762, 500)
(500, 760)
(760, 760)
(760, 500)
(500, 755)
(755, 755)
(755, 500)
(500, 753)
(753, 753)
(753, 500)
(500, 751)
(751, 751)
(751, 500)
(500, 750)
(750, 750)
(750, 500)
(500, 748)
(748, 748)
(748, 500)
(500, 746)
(746, 746)
(746, 500)
(500, 743)
(743, 743)
(743, 500)
(500, 741)
(741, 741)
(741, 500)
(500, 739)
(739, 739)
(739, 500)
(500, 737)
(737, 737)
(737, 500)
(500, 735)
(735, 735)
(735, 500)
(500, 734)
(734, 734)
(734, 500)
(500, 733)
(733, 733)
(733, 500)
(500, 730)
(730, 730)
(730, 500)
(500, 729)
(729, 729)
(729, 500)
(500, 728)
(728, 728)
(728, 500)
(500, 727)
(727, 727)
(727, 500)
(500, 726)
(726, 726)
(726, 500)
(500, 725)
(725, 725)
(725, 500)
(500, 724)
(724, 724)
(724, 500)
(500, 723)
(723, 723)
(723, 500)
(500, 722)
(722, 722)
(722, 500)
(500, 718)
(718, 718)
(718, 500)
(500, 716)
(716, 716)
(716, 500)
(500, 715)
(715, 715)
(715, 500)
(500, 710)
(710, 710)
(710, 500)
(500, 709)
(709, 709)
(709, 500)
(500, 708)
(708, 708)
(708, 500)
(500, 704)
(704, 704)
(704, 500)
(500, 702)
(702, 702)
(702, 500)
(500, 701)
(701, 701)
(701, 500)
(500, 700)
(700, 700)
(700, 500)
(500, 698)
(698, 698)
(698, 500)
(500, 697)
(697, 697)
(697, 500)
(500, 694)
(694, 694)
(694, 500)
(500, 692)
(692, 692)
(692, 500)
(500, 691)
(691, 691)
(691, 500)
(500, 690)
(690, 690)
(690, 500)
(500, 689)
(689, 689)
(689, 500)
(500, 687)
(687, 687)
(687, 500)
(500, 686)
(686, 686)
(686, 500)
(500, 684)
(684, 684)
(684, 500)
(500, 683)
(683, 683)
(683, 500)
(500, 681)
(681, 681)
(681, 500)
(500, 679)
(679, 679)
(679, 500)
(500, 678)
(678, 678)
(678, 500)
(500, 676)
(676, 676)
(676, 500)
(500, 675)
(675, 675)
(675, 500)
(500, 674)
(674, 674)
(674, 500)
(500, 672)
(672, 672)
(672, 500)
(500, 671)
(671, 671)
(671, 500)
(500, 668)
(668, 668)
(668, 500)
(500, 667)
(667, 667)
(667, 500)
(500, 665)
(665, 665)
(665, 500)
(500, 663)
(663, 663)
(663, 500)
(500, 662)
(662, 662)
(662, 500)
(500, 659)
(659, 659)
(659, 500)
(500, 657)
(657, 657)
(657, 500)
(500, 655)
(655, 655)
(655, 500)
(500, 653)
(653, 653)
(653, 500)
(500, 649)
(649, 649)
(649, 500)
(500, 647)
(647, 647)
(647, 500)
(500, 645)
(645, 645)
(645, 500)
(500, 643)
(643, 643)
(643, 500)
(500, 642)
(642, 642)
(642, 500)
(500, 641)
(641, 641)
(641, 500)
(500, 639)
(639, 639)
(639, 500)
(500, 637)
(637, 637)
(637, 500)
(500, 636)
(636, 636)
(636, 500)
(500, 635)
(635, 635)
(635, 500)
(500, 634)
(634, 634)
(634, 500)
(500, 633)
(633, 633)
(633, 500)
(500, 632)
(632, 632)
(632, 500)
(500, 631)
(631, 631)
(631, 500)
(500, 630)
(630, 630)
(630, 500)
(500, 628)
(628, 628)
(628, 500)
(500, 627)
(627, 627)
(627, 500)
(500, 623)
(623, 623)
(623, 500)
(500, 620)
(620, 620)
(620, 500)
(500, 619)
(619, 619)
(619, 500)
(500, 617)
(617, 617)
(617, 500)
(500, 616)
(616, 616)
(616, 500)
(500, 614)
(614, 614)
(614, 500)
(500, 612)
(612, 612)
(612, 500)
(500, 611)
(611, 611)
(611, 500)
(500, 604)
(604, 604)
(604, 500)
(500, 603)
(603, 603)
(603, 500)
(500, 601)
(601, 601)
(601, 500)
(500, 600)
(600, 600)
(600, 500)
(500, 597)
(597, 597)
(597, 500)
(500, 596)
(596, 596)
(596, 500)
(500, 589)
(589, 589)
(589, 500)
(500, 588)
(588, 588)
(588, 500)
(500, 587)
(587, 587)
(587, 500)
(500, 585)
(585, 585)
(585, 500)
(500, 584)
(584, 584)
(584, 500)
(500, 583)
(583, 583)
(583, 500)
(500, 582)
(582, 582)
(582, 500)
(500, 581)
(581, 581)
(581, 500)
(500, 580)
(580, 580)
(580, 500)
(500, 577)
(577, 577)
(577, 500)
(500, 570)
(570, 570)
(570, 500)
(500, 568)
(568, 568)
(568, 500)
(500, 565)
(565, 565)
(565, 500)
(500, 563)
(563, 563)
(563, 500)
(500, 562)
(562, 562)
(562, 500)
(500, 558)
(558, 558)
(558, 500)
(500, 557)
(557, 557)
(557, 500)
(500, 556)
(556, 556)
(556, 500)
(500, 555)
(555, 555)
(555, 500)
(500, 551)
(551, 551)
(551, 500)
(500, 550)
(550, 550)
(550, 500)
(500, 549)
(549, 549)
(549, 500)
(500, 545)
(545, 545)
(545, 500)
(500, 543)
(543, 543)
(543, 500)
(500, 542)
(542, 542)
(542, 500)
(500, 541)
(541, 541)
(541, 500)
(500, 538)
(538, 538)
(538, 500)
(500, 537)
(537, 537)
(537, 500)
(500, 533)
(533, 533)
(533, 500)
(500, 531)
(531, 531)
(531, 500)
(500, 530)
(530, 530)
(530, 500)
(500, 529)
(529, 529)
(529, 500)
(500, 527)
(527, 527)
(527, 500)
(500, 522)
(522, 522)
(522, 500)
(500, 521)
(521, 521)
(521, 500)
(500, 520)
(520, 520)
(520, 500)
(500, 519)
(519, 519)
(519, 500)
(500, 513)
(513, 513)
(513, 500)
(500, 505)
(505, 505)
(505, 500)
(500, 504)
(504, 504)
(504, 500)
(500, 502)
(502, 502)
(502, 500)
(500, 499)
(499, 499)
(499, 500)
(500, 498)
(498, 498)
(498, 500)
(500, 496)
(496, 496)
(496, 500)
(500, 495)
(495, 495)
(495, 500)
(500, 492)
(492, 492)
(492, 500)
(500, 491)
(491, 491)
(491, 500)
(500, 490)
(490, 490)
(490, 500)
(500, 489)
(489, 489)
(489, 500)
(500, 488)
(488, 488)
(488, 500)
(500, 487)
(487, 487)
(487, 500)
(500, 486)
(486, 486)
(486, 500)
(500, 485)
(485, 485)
(485, 500)
(500, 479)
(479, 479)
(479, 500)
(500, 477)
(477, 477)
(477, 500)
(500, 474)
(474, 474)
(474, 500)
(500, 473)
(473, 473)
(473, 500)
(500, 470)
(470, 470)
(470, 500)
(500, 469)
(469, 469)
(469, 500)
(500, 468)
(468, 468)
(468, 500)
(500, 466)
(466, 466)
(466, 500)
(500, 465)
(465, 465)
(465, 500)
(500, 464)
(464, 464)
(464, 500)
(500, 459)
(459, 459)
(459, 500)
(500, 455)
(455, 455)
(455, 500)
(500, 454)
(454, 454)
(454, 500)
(500, 453)
(453, 453)
(453, 500)
(500, 451)
(451, 451)
(451, 500)
(500, 445)
(445, 445)
(445, 500)
(500, 444)
(444, 444)
(444, 500)
(500, 443)
(443, 443)
(443, 500)
(500, 440)
(440, 440)
(440, 500)
(500, 438)
(438, 438)
(438, 500)
(500, 437)
(437, 437)
(437, 500)
(500, 436)
(436, 436)
(436, 500)
(500, 432)
(432, 432)
(432, 500)
(500, 431)
(431, 431)
(431, 500)
(500, 427)
(427, 427)
(427, 500)
(500, 425)
(425, 425)
(425, 500)
(500, 424)
(424, 424)
(424, 500)
(500, 422)
(422, 422)
(422, 500)
(500, 421)
(421, 421)
(421, 500)
(500, 417)
(417, 417)
(417, 500)
(500, 415)
(415, 415)
(415, 500)
(500, 409)
(409, 409)
(409, 500)
(500, 406)
(406, 406)
(406, 500)
(500, 405)
(405, 405)
(405, 500)
(500, 404)
(404, 404)
(404, 500)
(500, 403)
(403, 403)
(403, 500)
(500, 402)
(402, 402)
(402, 500)
(500, 401)
(401, 401)
(401, 500)
(500, 400)
(400, 400)
(400, 500)
(500, 399)
(399, 399)
(399, 500)
(500, 397)
(397, 397)
(397, 500)
(500, 395)
(395, 395)
(395, 500)
(500, 394)
(394, 394)
(394, 500)
(500, 392)
(392, 392)
(392, 500)
(500, 391)
(391, 391)
(391, 500)
(500, 390)
(390, 390)
(390, 500)
(500, 388)
(388, 388)
(388, 500)
(500, 386)
(386, 386)
(386, 500)
(500, 384)
(384, 384)
(384, 500)
(500, 382)
(382, 382)
(382, 500)
(500, 381)
(381, 381)
(381, 500)
(500, 380)
(380, 380)
(380, 500)
(500, 378)
(378, 378)
(378, 500)
(500, 375)
(375, 375)
(375, 500)
(500, 373)
(373, 373)
(373, 500)
(500, 372)
(372, 372)
(372, 500)
(500, 370)
(370, 370)
(370, 500)
(500, 367)
(367, 367)
(367, 500)
(500, 366)
(366, 366)
(366, 500)
(500, 364)
(364, 364)
(364, 500)
(500, 363)
(363, 363)
(363, 500)
(500, 360)
(360, 360)
(360, 500)
(500, 358)
(358, 358)
(358, 500)
(500, 357)
(357, 357)
(357, 500)
(500, 356)
(356, 356)
(356, 500)
(500, 353)
(353, 353)
(353, 500)
(500, 352)
(352, 352)
(352, 500)
(500, 350)
(350, 350)
(350, 500)
(500, 347)
(347, 347)
(347, 500)
(500, 346)
(346, 346)
(346, 500)
(500, 345)
(345, 345)
(345, 500)
(500, 343)
(343, 343)
(343, 500)
(500, 342)
(342, 342)
(342, 500)
(500, 340)
(340, 340)
(340, 500)
(500, 338)
(338, 338)
(338, 500)
(500, 337)
(337, 337)
(337, 500)
(500, 334)
(334, 334)
(334, 500)
(500, 331)
(331, 331)
(331, 500)
(500, 330)
(330, 330)
(330, 500)
(500, 328)
(328, 328)
(328, 500)
(500, 327)
(327, 327)
(327, 500)
(500, 326)
(326, 326)
(326, 500)
(500, 324)
(324, 324)
(324, 500)
(500, 322)
(322, 322)
(322, 500)
(500, 321)
(321, 321)
(321, 500)
(500, 320)
(320, 320)
(320, 500)
(500, 318)
(318, 318)
(318, 500)
(500, 316)
(316, 316)
(316, 500)
(500, 313)
(313, 313)
(313, 500)
(500, 307)
(307, 307)
(307, 500)
(500, 306)
(306, 306)
(306, 500)
(500, 305)
(305, 305)
(305, 500)
(500, 304)
(304, 304)
(304, 500)
(500, 303)
(303, 303)
(303, 500)
(500, 302)
(302, 302)
(302, 500)
(500, 300)
(300, 300)
(300, 500)
(500, 299)
(299, 299)
(299, 500)
(500, 297)
(297, 297)
(297, 500)
(500, 296)
(296, 296)
(296, 500)
(500, 292)
(292, 292)
(292, 500)
(500, 291)
(291, 291)
(291, 500)
(500, 290)
(290, 290)
(290, 500)
(500, 289)
(289, 289)
(289, 500)
(500, 287)
(287, 287)
(287, 500)
(500, 284)
(284, 284)
(284, 500)
(500, 283)
(283, 283)
(283, 500)
(500, 277)
(277, 277)
(277, 500)
(500, 276)
(276, 276)
(276, 500)
(500, 274)
(274, 274)
(274, 500)
(500, 272)
(272, 272)
(272, 500)
(500, 270)
(270, 270)
(270, 500)
(500, 268)
(268, 268)
(268, 500)
(500, 266)
(266, 266)
(266, 500)
(500, 262)
(262, 262)
(262, 500)
(500, 261)
(261, 261)
(261, 500)
(500, 259)
(259, 259)
(259, 500)
(500, 257)
(257, 257)
(257, 500)
(500, 256)
(256, 256)
(256, 500)
(500, 254)
(254, 5)
(5, 999)
(999, 999)
(999, 5)
(5, 997)
(997, 997)
(997, 5)
(5, 994)
(994, 994)
(994, 5)
(5, 991)
(991, 991)
(991, 5)
(5, 990)
(990, 990)
(990, 5)
(5, 988)
(988, 988)
(988, 5)
(5, 986)
(986, 986)
(986, 5)
(5, 984)
(984, 984)
(984, 5)
(5, 982)
(982, 982)
(982, 5)
(5, 981)
(981, 981)
(981, 5)
(5, 980)
(980, 980)
(980, 5)
(5, 972)
(972, 972)
(972, 5)
(5, 963)
(963, 963)
(963, 5)
(5, 958)
(958, 958)
(958, 5)
(5, 954)
(954, 954)
(954, 5)
(5, 953)
(953, 953)
(953, 5)
(5, 948)
(948, 948)
(948, 5)
(5, 946)
(946, 946)
(946, 5)
(5, 944)
(944, 944)
(944, 5)
(5, 942)
(942, 942)
(942, 5)
(5, 939)
(939, 939)
(939, 5)
(5, 930)
(930, 930)
(930, 5)
(5, 927)
(927, 927)
(927, 5)
(5, 925)
(925, 925)
(925, 5)
(5, 918)
(918, 918)
(918, 5)
(5, 917)
(917, 917)
(917, 5)
(5, 915)
(915, 915)
(915, 5)
(5, 906)
(906, 906)
(906, 5)
(5, 904)
(904, 904)
(904, 5)
(5, 892)
(892, 892)
(892, 5)
(5, 886)
(886, 886)
(886, 5)
(5, 884)
(884, 884)
(884, 5)
(5, 882)
(882, 882)
(882, 5)
(5, 881)
(881, 881)
(881, 5)
(5, 878)
(878, 878)
(878, 5)
(5, 876)
(876, 876)
(876, 5)
(5, 874)
(874, 874)
(874, 5)
(5, 868)
(868, 868)
(868, 5)
(5, 862)
(862, 862)
(862, 5)
(5, 861)
(861, 861)
(861, 5)
(5, 859)
(859, 859)
(859, 5)
(5, 856)
(856, 856)
(856, 5)
(5, 850)
(850, 850)
(850, 5)
(5, 848)
(848, 848)
(848, 5)
(5, 846)
(846, 846)
(846, 5)
(5, 825)
(825, 825)
(825, 5)
(5, 824)
(824, 824)
(824, 5)
(5, 820)
(820, 820)
(820, 5)
(5, 819)
(819, 819)
(819, 5)
(5, 816)
(816, 816)
(816, 5)
(5, 811)
(811, 811)
(811, 5)
(5, 810)
(810, 810)
(810, 5)
(5, 804)
(804, 804)
(804, 5)
(5, 800)
(800, 800)
(800, 5)
(5, 799)
(799, 799)
(799, 5)
(5, 797)
(797, 797)
(797, 5)
(5, 796)
(796, 796)
(796, 5)
(5, 795)
(795, 795)
(795, 5)
(5, 791)
(791, 791)
(791, 5)
(5, 786)
(786, 786)
(786, 5)
(5, 785)
(785, 785)
(785, 5)
(5, 779)
(779, 779)
(779, 5)
(5, 777)
(777, 777)
(777, 5)
(5, 767)
(767, 767)
(767, 5)
(5, 763)
(763, 763)
(763, 5)
(5, 761)
(761, 761)
(761, 5)
(5, 754)
(754, 754)
(754, 5)
(5, 749)
(749, 749)
(749, 5)
(5, 747)
(747, 747)
(747, 5)
(5, 745)
(745, 745)
(745, 5)
(5, 744)
(744, 744)
(744, 5)
(5, 742)
(742, 742)
(742, 5)
(5, 740)
(740, 740)
(740, 5)
(5, 738)
(738, 738)
(738, 5)
(5, 736)
(736, 736)
(736, 5)
(5, 732)
(732, 732)
(732, 5)
(5, 731)
(731, 731)
(731, 5)
(5, 721)
(721, 721)
(721, 5)
(5, 720)
(720, 720)
(720, 5)
(5, 713)
(713, 713)
(713, 5)
(5, 711)
(711, 711)
(711, 5)
(5, 703)
(703, 703)
(703, 5)
(5, 699)
(699, 699)
(699, 5)
(5, 693)
(693, 693)
(693, 5)
(5, 688)
(688, 688)
(688, 5)
(5, 685)
(685, 685)
(685, 5)
(5, 677)
(677, 677)
(677, 5)
(5, 673)
(673, 673)
(673, 5)
(5, 670)
(670, 670)
(670, 5)
(5, 661)
(661, 661)
(661, 5)
(5, 658)
(658, 658)
(658, 5)
(5, 654)
(654, 654)
(654, 5)
(5, 651)
(651, 651)
(651, 5)
(5, 648)
(648, 648)
(648, 5)
(5, 629)
(629, 629)
(629, 5)
(5, 626)
(626, 626)
(626, 5)
(5, 624)
(624, 624)
(624, 5)
(5, 622)
(622, 622)
(622, 5)
(5, 608)
(608, 608)
(608, 5)
(5, 607)
(607, 607)
(607, 5)
(5, 598)
(598, 598)
(598, 5)
(5, 593)
(593, 593)
(593, 5)
(5, 576)
(576, 576)
(576, 5)
(5, 574)
(574, 574)
(574, 5)
(5, 573)
(573, 573)
(573, 5)
(5, 572)
(572, 572)
(572, 5)
(5, 569)
(569, 569)
(569, 5)
(5, 567)
(567, 567)
(567, 5)
(5, 566)
(566, 566)
(566, 5)
(5, 564)
(564, 564)
(564, 5)
(5, 559)
(559, 559)
(559, 5)
(5, 553)
(553, 553)
(553, 5)
(5, 548)
(548, 548)
(548, 5)
(5, 540)
(540, 540)
(540, 5)
(5, 536)
(536, 536)
(536, 5)
(5, 535)
(535, 535)
(535, 5)
(5, 526)
(526, 526)
(526, 5)
(5, 525)
(525, 525)
(525, 5)
(5, 524)
(524, 524)
(524, 5)
(5, 518)
(518, 518)
(518, 5)
(5, 516)
(516, 516)
(516, 5)
(5, 515)
(515, 515)
(515, 5)
(5, 514)
(514, 514)
(514, 5)
(5, 512)
(512, 512)
(512, 5)
(5, 511)
(511, 511)
(511, 5)
(5, 510)
(510, 510)
(510, 5)
(5, 507)
(507, 507)
(507, 5)
(5, 494)
(494, 494)
(494, 5)
(5, 483)
(483, 483)
(483, 5)
(5, 482)
(482, 482)
(482, 5)
(5, 475)
(475, 475)
(475, 5)
(5, 472)
(472, 472)
(472, 5)
(5, 471)
(471, 471)
(471, 5)
(5, 467)
(467, 467)
(467, 5)
(5, 463)
(463, 463)
(463, 5)
(5, 462)
(462, 462)
(462, 5)
(5, 461)
(461, 461)
(461, 5)
(5, 457)
(457, 457)
(457, 5)
(5, 456)
(456, 456)
(456, 5)
(5, 452)
(452, 452)
(452, 5)
(5, 449)
(449, 449)
(449, 5)
(5, 448)
(448, 448)
(448, 5)
(5, 446)
(446, 446)
(446, 5)
(5, 442)
(442, 442)
(442, 5)
(5, 433)
(433, 433)
(433, 5)
(5, 426)
(426, 426)
(426, 5)
(5, 416)
(416, 416)
(416, 5)
(5, 413)
(413, 413)
(413, 5)
(5, 412)
(412, 412)
(412, 5)
(5, 407)
(407, 407)
(407, 5)
(5, 398)
(398, 398)
(398, 5)
(5, 393)
(393, 393)
(393, 5)
(5, 379)
(379, 379)
(379, 5)
(5, 376)
(376, 376)
(376, 5)
(5, 371)
(371, 371)
(371, 5)
(5, 369)
(369, 369)
(369, 5)
(5, 368)
(368, 368)
(368, 5)
(5, 365)
(365, 365)
(365, 5)
(5, 361)
(361, 361)
(361, 5)
(5, 359)
(359, 359)
(359, 5)
(5, 351)
(351, 351)
(351, 5)
(5, 349)
(349, 349)
(349, 5)
(5, 344)
(344, 344)
(344, 5)
(5, 341)
(341, 341)
(341, 5)
(5, 336)
(336, 336)
(336, 5)
(5, 335)
(335, 335)
(335, 5)
(5, 329)
(329, 329)
(329, 5)
(5, 323)
(323, 323)
(323, 5)
(5, 319)
(319, 319)
(319, 5)
(5, 317)
(317, 317)
(317, 5)
(5, 309)
(309, 309)
(309, 5)
(5, 308)
(308, 308)
(308, 5)
(5, 301)
(301, 301)
(301, 5)
(5, 295)
(295, 295)
(295, 5)
(5, 293)
(293, 293)
(293, 5)
(5, 288)
(288, 288)
(288, 5)
(5, 279)
(279, 279)
(279, 5)
(5, 278)
(278, 278)
(278, 5)
(5, 273)
(273, 273)
(273, 5)
(5, 271)
(271, 271)
(271, 5)
(5, 269)
(269, 269)
(269, 5)
(5, 263)
(263, 263)
(263, 5)
(5, 258)
(258, 258)
(258, 5)
(5, 255)
(255, 255)
(255, 5)
(5, 251)
(251, 251)
(251, 5)
(5, 249)
(249, 249)
(249, 5)
(5, 241)
(241, 241)
(241, 5)
(5, 238)
(238, 238)
(238, 5)
(5, 236)
(236, 236)
(236, 5)
(5, 233)
(233, 233)
(233, 5)
(5, 232)
(232, 232)
(232, 5)
(5, 229)
(229, 229)
(229, 5)
(5, 225)
(225, 225)
(225, 5)
(5, 213)
(213, 213)
(213, 5)
(5, 210)
(210, 210)
(210, 5)
(5, 198)
(198, 198)
(198, 5)
(5, 195)
(195, 195)
(195, 5)
(5, 190)
(190, 190)
(190, 5)
(5, 184)
(184, 184)
(184, 5)
(5, 183)
(183, 183)
(183, 5)
(5, 176)
(176, 176)
(176, 5)
(5, 173)
(173, 173)
(173, 5)
(5, 168)
(168, 168)
(168, 5)
(5, 163)
(163, 163)
(163, 5)
(5, 159)
(159, 159)
(159, 5)
(5, 146)
(146, 146)
(146, 5)
(5, 145)
(145, 145)
(145, 5)
(5, 138)
(138, 138)
(138, 5)
(5, 137)
(137, 137)
(137, 5)
(5, 136)
(136, 136)
(136, 5)
(5, 135)
(135, 135)
(135, 5)
(5, 134)
(134, 134)
(134, 5)
(5, 133)
(133, 133)
(133, 5)
(5, 127)
(127, 127)
(127, 5)
(5, 123)
(123, 123)
(123, 5)
(5, 117)
(117, 117)
(117, 5)
(5, 116)
(116, 116)
(116, 5)
(5, 114)
(114, 114)
(114, 5)
(5, 113)
(113, 113)
(113, 5)
(5, 111)
(111, 111)
(111, 5)
(5, 101)
(101, 101)
(101, 5)
(5, 100)
(100, 100)
(100, 5)
(5, 97)
(97, 97)
(97, 5)
(5, 80)
(80, 80)
(80, 5)
(5, 71)
(71, 71)
(71, 5)
(5, 62)
(62, 62)
(62, 5)
(5, 54)
(54, 54)
(54, 5)
(5, 52)
(52, 52)
(52, 5)
(5, 51)
(51, 51)
(51, 5)
(5, 48)
(48, 48)
(48, 5)
(5, 47)
(47, 47)
(47, 5)
(5, 45)
(45, 45)
(45, 5)
(5, 44)
(44, 44)
(44, 5)
(5, 43)
(43, 43)
(43, 5)
(5, 35)
(35, 35)
(35, 5)
(5, 26)
(26, 26)
(26, 5)
(5, 22)
(22, 22)
(22, 5)
(5, 19)
(19, 19)
(19, 5)
(5, 2)
(2, 2)
(2, 5)
(5, 5)
(5, 254)
(254, 254)
(254, 500)
(500, 253)
(253, 253)
(253, 500)
(500, 252)
(252, 252)
(252, 500)
(500, 247)
(247, 247)
(247, 500)
(500, 245)
(245, 245)
(245, 500)
(500, 244)
(244, 244)
(244, 500)
(500, 242)
(242, 242)
(242, 500)
(500, 240)
(240, 240)
(240, 500)
(500, 239)
(239, 239)
(239, 500)
(500, 237)
(237, 237)
(237, 500)
(500, 235)
(235, 235)
(235, 500)
(500, 234)
(234, 234)
(234, 500)
(500, 231)
(231, 231)
(231, 500)
(500, 230)
(230, 230)
(230, 500)
(500, 228)
(228, 228)
(228, 500)
(500, 226)
(226, 226)
(226, 500)
(500, 224)
(224, 224)
(224, 500)
(500, 222)
(222, 222)
(222, 500)
(500, 219)
(219, 219)
(219, 500)
(500, 217)
(217, 217)
(217, 500)
(500, 215)
(215, 215)
(215, 500)
(500, 214)
(214, 214)
(214, 500)
(500, 212)
(212, 212)
(212, 500)
(500, 211)
(211, 211)
(211, 500)
(500, 209)
(209, 209)
(209, 500)
(500, 208)
(208, 208)
(208, 500)
(500, 206)
(206, 206)
(206, 500)
(500, 204)
(204, 204)
(204, 500)
(500, 203)
(203, 203)
(203, 500)
(500, 202)
(202, 202)
(202, 500)
(500, 201)
(201, 201)
(201, 500)
(500, 200)
(200, 200)
(200, 500)
(500, 199)
(199, 199)
(199, 500)
(500, 196)
(196, 196)
(196, 500)
(500, 193)
(193, 193)
(193, 500)
(500, 192)
(192, 192)
(192, 500)
(500, 191)
(191, 191)
(191, 500)
(500, 188)
(188, 188)
(188, 500)
(500, 185)
(185, 185)
(185, 500)
(500, 181)
(181, 181)
(181, 500)
(500, 180)
(180, 180)
(180, 500)
(500, 179)
(179, 179)
(179, 500)
(500, 177)
(177, 177)
(177, 500)
(500, 175)
(175, 175)
(175, 500)
(500, 172)
(172, 172)
(172, 500)
(500, 171)
(171, 171)
(171, 500)
(500, 170)
(170, 170)
(170, 500)
(500, 167)
(167, 167)
(167, 500)
(500, 165)
(165, 165)
(165, 500)
(500, 164)
(164, 164)
(164, 500)
(500, 162)
(162, 162)
(162, 500)
(500, 161)
(161, 161)
(161, 500)
(500, 160)
(160, 160)
(160, 500)
(500, 158)
(158, 158)
(158, 500)
(500, 157)
(157, 157)
(157, 500)
(500, 155)
(155, 155)
(155, 500)
(500, 154)
(154, 154)
(154, 500)
(500, 152)
(152, 152)
(152, 500)
(500, 151)
(151, 151)
(151, 500)
(500, 150)
(150, 150)
(150, 500)
(500, 149)
(149, 149)
(149, 500)
(500, 148)
(148, 148)
(148, 500)
(500, 147)
(147, 147)
(147, 500)
(500, 144)
(144, 144)
(144, 500)
(500, 142)
(142, 142)
(142, 500)
(500, 130)
(130, 130)
(130, 500)
(500, 129)
(129, 129)
(129, 500)
(500, 126)
(126, 126)
(126, 500)
(500, 125)
(125, 125)
(125, 500)
(500, 121)
(121, 121)
(121, 500)
(500, 120)
(120, 120)
(120, 500)
(500, 119)
(119, 119)
(119, 500)
(500, 118)
(118, 118)
(118, 500)
(500, 115)
(115, 115)
(115, 500)
(500, 110)
(110, 110)
(110, 500)
(500, 108)
(108, 108)
(108, 500)
(500, 107)
(107, 107)
(107, 500)
(500, 106)
(106, 106)
(106, 500)
(500, 104)
(104, 104)
(104, 500)
(500, 103)
(103, 103)
(103, 500)
(500, 102)
(102, 102)
(102, 500)
(500, 99)
(99, 99)
(99, 500)
(500, 98)
(98, 98)
(98, 500)
(500, 94)
(94, 94)
(94, 500)
(500, 93)
(93, 93)
(93, 500)
(500, 90)
(90, 90)
(90, 500)
(500, 89)
(89, 89)
(89, 500)
(500, 87)
(87, 87)
(87, 500)
(500, 86)
(86, 86)
(86, 500)
(500, 85)
(85, 85)
(85, 500)
(500, 84)
(84, 84)
(84, 500)
(500, 83)
(83, 83)
(83, 500)
(500, 82)
(82, 82)
(82, 500)
(500, 81)
(81, 81)
(81, 500)
(500, 77)
(77, 77)
(77, 500)
(500, 72)
(72, 72)
(72, 500)
(500, 70)
(70, 70)
(70, 500)
(500, 68)
(68, 68)
(68, 500)
(500, 67)
(67, 67)
(67, 500)
(500, 64)
(64, 64)
(64, 500)
(500, 63)
(63, 63)
(63, 500)
(500, 59)
(59, 59)
(59, 500)
(500, 57)
(57, 57)
(57, 500)
(500, 55)
(55, 55)
(55, 500)
(500, 53)
(53, 53)
(53, 500)
(500, 50)
(50, 50)
(50, 500)
(500, 46)
(46, 46)
(46, 500)
(500, 40)
(40, 40)
(40, 500)
(500, 39)
(39, 39)
(39, 500)
(500, 38)
(38, 38)
(38, 500)
(500, 36)
(36, 36)
(36, 500)
(500, 34)
(34, 34)
(34, 500)
(500, 33)
(33, 33)
(33, 500)
(500, 31)
(31, 31)
(31, 500)
(500, 30)
(30, 30)
(30, 500)
(500, 28)
(28, 28)
(28, 500)
(500, 27)
(27, 27)
(27, 500)
(500, 25)
(25, 25)
(25, 500)
(500, 24)
(24, 24)
(24, 500)
(500, 23)
(23, 23)
(23, 500)
(500, 18)
(18, 18)
(18, 500)
(500, 17)
(17, 6)
(6, 20)
(20, 20)
(20, 6)
(6, 15)
(15, 15)
(15, 6)
(6, 4)
(4, 4)
(4, 6)
(6, 3)
(3, 3)
(3, 6)
(6, 6)
(6, 17)
(17, 17)
(17, 500)
(500, 16)
(16, 16)
(16, 500)
(500, 14)
(14, 14)
(14, 500)
(500, 12)
(12, 12)
(12, 500)
(500, 11)
(11, 11)
(11, 500)
(500, 8)
(8, 8)
(8, 500)
(500, 7)
(7, 7)
(7, 500)
(500, 500)
(500, 0)
____________
(1, 1)
____________
(9, 9)
____________
(10, 10)
____________
(13, 13)
____________
(21, 21)
____________
(29, 29)
____________
(32, 32)
____________
(37, 37)
____________
(41, 41)
____________
(42, 42)
____________
(49, 49)
____________
(56, 56)
____________
(58, 58)
____________
(60, 60)
____________
(61, 61)
____________
(65, 65)
____________
(66, 66)
____________
(69, 69)
____________
(73, 73)
____________
(74, 74)
____________
(75, 75)
____________
(76, 76)
____________
(78, 78)
____________
(79, 79)
____________
(88, 88)
____________
(91, 91)
____________
(92, 92)
____________
(95, 95)
____________
(96, 96)
____________
(105, 105)
____________
(109, 109)
____________
(112, 112)
____________
(122, 122)
____________
(124, 124)
____________
(128, 128)
____________
(131, 131)
____________
(132, 132)
____________
(139, 139)
____________
(140, 140)
____________
(141, 141)
____________
(143, 143)
____________
(153, 153)
____________
(156, 156)
____________
(166, 166)
____________
(169, 169)
____________
(174, 174)
____________
(178, 178)
____________
(182, 182)
____________
(186, 186)
____________
(187, 187)
____________
(189, 189)
____________
(194, 194)
____________
(197, 197)
____________
(205, 205)
____________
(207, 207)
____________
(216, 216)
____________
(218, 218)
____________
(220, 220)
____________
(221, 221)
____________
(223, 223)
____________
(227, 227)
____________
(243, 243)
____________
(246, 246)
____________
(248, 248)
____________
(250, 250)
____________
(260, 260)
____________
(264, 264)
____________
(265, 265)
____________
(267, 267)
____________
(275, 275)
____________
(280, 280)
____________
(281, 281)
____________
(282, 282)
____________
(285, 285)
____________
(286, 286)
____________
(294, 294)
____________
(298, 298)
____________
(310, 310)
____________
(311, 311)
____________
(312, 312)
____________
(314, 314)
____________
(315, 315)
____________
(325, 325)
____________
(332, 332)
____________
(333, 333)
____________
(339, 339)
____________
(348, 348)
____________
(354, 354)
____________
(355, 355)
____________
(362, 362)
____________
(374, 374)
____________
(377, 377)
____________
(383, 383)
____________
(385, 385)
____________
(387, 387)
____________
(389, 389)
____________
(396, 396)
____________
(408, 408)
____________
(410, 410)
____________
(411, 411)
____________
(414, 414)
____________
(418, 418)
____________
(419, 419)
____________
(420, 420)
____________
(423, 423)
____________
(428, 428)
____________
(429, 429)
____________
(430, 430)
____________
(434, 434)
____________
(435, 435)
____________
(439, 439)
____________
(441, 441)
____________
(447, 447)
____________
(450, 450)
____________
(458, 458)
____________
(460, 460)
____________
(476, 476)
____________
(478, 478)
____________
(480, 480)
____________
(481, 481)
____________
(484, 484)
____________
(493, 493)
____________
(497, 497)
____________
(501, 501)
____________
(503, 503)
____________
(506, 506)
____________
(508, 508)
____________
(509, 509)
____________
(517, 517)
____________
(523, 523)
____________
(528, 528)
____________
(532, 532)
____________
(534, 534)
____________
(539, 539)
____________
(544, 544)
____________
(546, 546)
____________
(547, 547)
____________
(552, 552)
____________
(554, 554)
____________
(560, 560)
____________
(561, 561)
____________
(571, 571)
____________
(575, 575)
____________
(578, 578)
____________
(579, 579)
____________
(586, 586)
____________
(590, 590)
____________
(591, 591)
____________
(592, 592)
____________
(594, 594)
____________
(595, 595)
____________
(599, 599)
____________
(602, 602)
____________
(605, 605)
____________
(606, 606)
____________
(609, 609)
____________
(610, 610)
____________
(613, 613)
____________
(615, 615)
____________
(618, 618)
____________
(621, 621)
____________
(625, 625)
____________
(638, 638)
____________
(640, 640)
____________
(644, 644)
____________
(646, 646)
____________
(650, 650)
____________
(652, 652)
____________
(656, 656)
____________
(660, 660)
____________
(664, 664)
____________
(666, 666)
____________
(669, 669)
____________
(680, 680)
____________
(682, 682)
____________
(695, 695)
____________
(696, 696)
____________
(705, 705)
____________
(706, 706)
____________
(707, 707)
____________
(712, 712)
____________
(714, 714)
____________
(717, 717)
____________
(719, 719)
____________
(752, 752)
____________
(756, 756)
____________
(757, 757)
____________
(758, 758)
____________
(759, 759)
____________
(769, 769)
____________
(774, 774)
____________
(782, 782)
____________
(784, 784)
____________
(792, 792)
____________
(794, 794)
____________
(798, 798)
____________
(801, 801)
____________
(803, 803)
____________
(807, 807)
____________
(812, 812)
____________
(813, 813)
____________
(815, 815)
____________
(817, 817)
____________
(818, 818)
____________
(823, 823)
____________
(829, 829)
____________
(834, 834)
____________
(835, 835)
____________
(836, 836)
____________
(838, 838)
____________
(841, 841)
____________
(845, 845)
____________
(847, 847)
____________
(852, 852)
____________
(854, 854)
____________
(855, 855)
____________
(858, 858)
____________
(860, 860)
____________
(867, 867)
____________
(871, 871)
____________
(877, 877)
____________
(880, 880)
____________
(887, 887)
____________
(901, 901)
____________
(902, 902)
____________
(907, 907)
____________
(908, 908)
____________
(909, 909)
____________
(912, 912)
____________
(916, 916)
____________
(920, 920)
____________
(922, 922)
____________
(926, 926)
____________
(928, 928)
____________
(932, 932)
____________
(934, 934)
____________
(943, 943)
____________
(952, 952)
____________
(955, 955)
____________
(956, 956)
____________
(957, 957)
____________
(960, 960)
____________
(961, 961)
____________
(964, 964)
____________
(965, 965)
____________
(969, 969)
____________
(973, 973)
____________
(977, 977)
____________
(979, 979)
____________
(983, 983)
____________
(985, 985)
____________
(987, 987)
____________
(989, 989)
____________
(992, 992)
____________
(993, 993)
____________
(995, 995)
____________
(996, 996)
____________
(998, 998)
____________
